02090400332701000200000000000002000201203
02090400332702000350000000000003500201203
02090400332703000500000000000005000201203
02110700250302000000000100000000000201203
02110700250303000000000100000000000201203
02110700330302000000000100000000000201203
02110700330303000000000100000000000201203
02110700410302000000000100000000000201203
02110700410303000000000100000000000201203
02110701570302000000000100000000000201203
02110701570303000000000100000000000201203
02110702030302000000000100000000000201203
02110702030303000000000100000000000201203
02110702110302000000000100000000000201203
02110702110303000000000100000000000201203
02110702460302000000000100000000000201203
02110702460303000000000100000000000201203
02110702620302000000000100000000000201203
02110702620303000000000100000000000201203
03011100182101000000000066670000000201203
03011100182102000000000066670000000201203
03030100102701000200000000000002000201203
03030100102702000350000000000003500201203
03030100102703000500000000000005000201203
03030100372701000200000000000002000201203
03030100372702000350000000000003500201203
03030100372703000500000000000005000201203
03030100452701000200000000000002000201203
03030100452702000350000000000003500201203
03030100452703000500000000000005000201203
03030100612701000200000000000002000201203
03030100612702000350000000000003500201203
03030100612703000500000000000005000201203
03030100702701000200000000000002000201203
03030100702702000350000000000003500201203
03030100702703000500000000000005000201203
03030101182701000200000000000002000201203
03030101182702000350000000000003500201203
03030101182703000500000000000005000201203
03030101342701000200000000000002000201203
03030101342702000350000000000003500201203
03030101342703000500000000000005000201203
03030101422701000200000000000002000201203
03030101422702000350000000000003500201203
03030101422703000500000000000005000201203
03030101852701000200000000000002000201203
03030101852702000350000000000003500201203
03030101852703000500000000000005000201203
03030101932701000200000000000002000201203
03030101932702000350000000000003500201203
03030101932703000500000000000005000201203
03030300382701000200000000000002000201203
03030300382702000350000000000003500201203
03030300382703000500000000000005000201203
03030300462701000200000000000002000201203
03030300462702000350000000000003500201203
03030300462703000500000000000005000201203
03030300542701000200000000000002000201203
03030300542702000350000000000003500201203
03030300542703000500000000000005000201203
03030400412701000200000000000002000201203
03030400412702000350000000000003500201203
03030400412703000500000000000005000201203
03030400502701000200000000000002000201203
03030400502702000350000000000003500201203
03030400502703000500000000000005000201203
03030401492701000200000000000002000201203
03030401492702000350000000000003500201203
03030401492703000500000000000005000201203
03030401652701000200000000000002000201203
03030401652702000350000000000003500201203
03030401652703000500000000000005000201203
03030402382701000200000000000002000201203
03030402382702000350000000000003500201203
03030402382703000500000000000005000201203
03030402702701000200000000000002000201203
03030402702702000350000000000003500201203
03030402702703000500000000000005000201203
03030402972701000200000000000002000201203
03030402972702000350000000000003500201203
03030402972703000500000000000005000201203
03030600182701000200000000000002000201203
03030600182702000350000000000003500201203
03030600182703000500000000000005000201203
03030600262701000200000000000002000201203
03030600262702000350000000000003500201203
03030600262703000500000000000005000201203
03030600342701000200000000000002000201203
03030600342702000350000000000003500201203
03030600342703000500000000000005000201203
03030600422701000200000000000002000201203
03030600422702000350000000000003500201203
03030600422703000500000000000005000201203
03030600502701000200000000000002000201203
03030600502702000350000000000003500201203
03030600502703000500000000000005000201203
03030600692701000200000000000002000201203
03030600692702000350000000000003500201203
03030600692703000500000000000005000201203
03030600852701000200000000000002000201203
03030600852702000350000000000003500201203
03030600852703000500000000000005000201203
03030600932701000200000000000002000201203
03030600932702000350000000000003500201203
03030600932703000500000000000005000201203
03030601072701000200000000000002000201203
03030601072702000350000000000003500201203
03030601072703000500000000000005000201203
03030601152701000200000000000002000201203
03030601152702000350000000000003500201203
03030601152703000500000000000005000201203
03030601312701000200000000000002000201203
03030601312702000350000000000003500201203
03030601312703000500000000000005000201203
03030601402701000200000000000002000201203
03030601402702000350000000000003500201203
03030601402703000500000000000005000201203
03030601582701000200000000000002000201203
03030601582702000350000000000003500201203
03030601582703000500000000000005000201203
03030601662701000200000000000002000201203
03030601662702000350000000000003500201203
03030601662703000500000000000005000201203
03030601742701000200000000000002000201203
03030601742702000350000000000003500201203
03030601742703000500000000000005000201203
03030601822701000200000000000002000201203
03030601822702000350000000000003500201203
03030601822703000500000000000005000201203
03030601902701000200000000000002000201203
03030601902702000350000000000003500201203
03030601902703000500000000000005000201203
03030602042701000200000000000002000201203
03030602042702000350000000000003500201203
03030602042703000500000000000005000201203
03030602122701000200000000000002000201203
03030602122702000350000000000003500201203
03030602122703000500000000000005000201203
03030602392701000200000000000002000201203
03030602392702000350000000000003500201203
03030602392703000500000000000005000201203
03030602472701000200000000000002000201203
03030602472702000350000000000003500201203
03030602472703000500000000000005000201203
03030602632701000200000000000002000201203
03030602632702000350000000000003500201203
03030602632703000500000000000005000201203
03030602712701000200000000000002000201203
03030602712702000350000000000003500201203
03030602712703000500000000000005000201203
03030602802701000200000000000002000201203
03030602802702000350000000000003500201203
03030602802703000500000000000005000201203
03030602982701000200000000000002000201203
03030602982702000350000000000003500201203
03030602982703000500000000000005000201203
03030700642701000200000000000002000201203
03030700642702000350000000000003500201203
03030700642703000500000000000005000201203
03030700722701000200000000000002000201203
03030700722702000350000000000003500201203
03030700722703000500000000000005000201203
03030700802701000200000000000002000201203
03030700802702000350000000000003500201203
03030700802703000500000000000005000201203
03030700992701000200000000000002000201203
03030700992702000350000000000003500201203
03030700992703000500000000000005000201203
03030701022701000200000000000002000201203
03030701022702000350000000000003500201203
03030701022703000500000000000005000201203
03030701102701000200000000000002000201203
03030701102702000350000000000003500201203
03030701102703000500000000000005000201203
03030701292701000200000000000002000201203
03030701292702000350000000000003500201203
03030701292703000500000000000005000201203
03030800512701000200000000000002000201203
03030800512702000350000000000003500201203
03030800512703000500000000000005000201203
03030800602701000200000000000002000201203
03030800602702000350000000000003500201203
03030800602703000500000000000005000201203
03030800782701000200000000000002000201203
03030800782702000350000000000003500201203
03030800782703000500000000000005000201203
03031000102701000200000000000002000201203
03031000102702000350000000000003500201203
03031000102703000500000000000005000201203
03031000442701000200000000000002000201203
03031000442702000350000000000003500201203
03031000442703000500000000000005000201203
03031000522701000200000000000002000201203
03031000522702000350000000000003500201203
03031000522703000500000000000005000201203
03031100402701000200000000000002000201203
03031100402702000350000000000003500201203
03031100402703000500000000000005000201203
03031100662701000200000000000002000201203
03031100662702000350000000000003500201203
03031100662703000500000000000005000201203
03031101042701000200000000000002000201203
03031101042702000350000000000003500201203
03031101042703000500000000000005000201203
03031101122701000200000000000002000201203
03031101122702000350000000000003500201203
03031101122703000500000000000005000201203
03031400202701000200000000000002000201203
03031400202702000350000000000003500201203
03031400202703000500000000000005000201203
03031400382701000200000000000002000201203
03031400382702000350000000000003500201203
03031400382703000500000000000005000201203
03031400462701000200000000000002000201203
03031400462702000350000000000003500201203
03031400462703000500000000000005000201203
03031400542701000200000000000002000201203
03031400542702000350000000000003500201203
03031400542703000500000000000005000201203
03031400622701000200000000000002000201203
03031400622702000350000000000003500201203
03031400622703000500000000000005000201203
03031400972701000200000000000002000201203
03031400972702000350000000000003500201203
03031400972703000500000000000005000201203
03031401002701000200000000000002000201203
03031401002702000350000000000003500201203
03031401002703000500000000000005000201203
03031401192701000200000000000002000201203
03031401192702000350000000000003500201203
03031401192703000500000000000005000201203
03031401272701000200000000000002000201203
03031401272702000350000000000003500201203
03031401272703000500000000000005000201203
03031401352701000200000000000002000201203
03031401352702000350000000000003500201203
03031401352703000500000000000005000201203
03031401432701000200000000000002000201203
03031401432702000350000000000003500201203
03031401432703000500000000000005000201203
03031401512701000200000000000002000201203
03031401512702000350000000000003500201203
03031401512703000500000000000005000201203
03031500252701000200000000000002000201203
03031500252702000350000000000003500201203
03031500252703000500000000000005000201203
03031500332701000200000000000002000201203
03031500332702000350000000000003500201203
03031500332703000500000000000005000201203
03031500412701000200000000000002000201203
03031500412702000350000000000003500201203
03031500412703000500000000000005000201203
03031500502701000200000000000002000201203
03031500502702000350000000000003500201203
03031500502703000500000000000005000201203
03031500682701000200000000000002000201203
03031500682702000350000000000003500201203
03031500682703000500000000000005000201203
03031600202701000200000000000002000201203
03031600202702000350000000000003500201203
03031600202703000500000000000005000201203
03031600392701000200000000000002000201203
03031600392702000350000000000003500201203
03031600392703000500000000000005000201203
03031600472701000200000000000002000201203
03031600472702000350000000000003500201203
03031600472703000500000000000005000201203
03031600552701000200000000000002000201203
03031600552702000350000000000003500201203
03031600552703000500000000000005000201203
03031600632701000200000000000002000201203
03031600632702000350000000000003500201203
03031600632703000500000000000005000201203
03031600712701000200000000000002000201203
03031600712702000350000000000003500201203
03031600712703000500000000000005000201203
03031700930601000680000000000006800201203
03031700930602000539000000000005390201203
03031700930603000389700000000003897201203
03031700930604000323000000000003230201203
03031700930605000286000000000002860201203
03031700930606000269600000000002696201203
03031700930607000235800000000002358201203
03031700930608000205000000000002050201203
03031700930609000172600000000001726201203
03031700930610000168000000000001680201203
03031700930611000142000000000001420201203
03031700930612000138000000000001380201203
03031700930613000113200000000001132201203
03031700930614000111000000000001110201203
03031700930631000740900000000023352201203
03031700930632000484100000000018436201203
03031700930633000351600000000015922201203
03031700930634000246400000000013855201203
03050101742701000200000000000002000201203
03050101742702000350000000000003500201203
03050101742703000500000000000005000201203
03050200212701000200000000000002000201203
03050200212702000350000000000003500201203
03050200212703000500000000000005000201203
03050200302701000200000000000002000201203
03050200302702000350000000000003500201203
03050200302703000500000000000005000201203
03050200482701000200000000000002000201203
03050200482702000350000000000003500201203
03050200482703000500000000000005000201203
03050200562701000200000000000002000201203
03050200562702000350000000000003500201203
03050200562703000500000000000005000201203
03070401190401000000000250000000000201203
03070401270401000000000050000000000201203
03080100192701000200000000000002000201203
03080100192702000350000000000003500201203
03080100192703000500000000000005000201203
03080100272701000200000000000002000201203
03080100272702000350000000000003500201203
03080100272703000500000000000005000201203
03080100352701000200000000000002000201203
03080100352702000350000000000003500201203
03080100352703000500000000000005000201203
03080100432701000200000000000002000201203
03080100432702000350000000000003500201203
03080100432703000500000000000005000201203
03080200222701000200000000000002000201203
03080200222702000350000000000003500201203
03080200222703000500000000000005000201203
03080200302701000200000000000002000201203
03080200302702000350000000000003500201203
03080200302703000500000000000005000201203
03080300102701000200000000000002000201203
03080300102702000350000000000003500201203
03080300102703000500000000000005000201203
03080300282701000200000000000002000201203
03080300282702000350000000000003500201203
03080300282703000500000000000005000201203
03080300362701000200000000000002000201203
03080300362702000350000000000003500201203
03080300362703000500000000000005000201203
03080400152701000200000000000002000201203
03080400152702000350000000000003500201203
03080400152703000500000000000005000201203
03100100201401000000000000000010000201203
03100100201402000000000000000010000201203
03100100391404000085000000000000850201203
04010101042701000200000000000002000201203
04010101042702000350000000000003500201203
04010101042703000500000000000005000201203
04010201262701000200000000000002000201203
04010201262702000350000000000003500201203
04010201262703000500000000000005000201203
04010201342701000200000000000002000201203
04010201342702000350000000000003500201203
04010201342703000500000000000005000201203
04040100402701000200000000000002000201203
04040100402702000350000000000003500201203
04040100402703000500000000000005000201203
04040100592701000200000000000002000201203
04040100592702000350000000000003500201203
04040100592703000500000000000005000201203
04040100672701000200000000000002000201203
04040100672702000350000000000003500201203
04040100672703000500000000000005000201203
04040102022701000200000000000002000201203
04040102022702000350000000000003500201203
04040102022703000500000000000005000201203
04040103772701000200000000000002000201203
04040103772702000350000000000003500201203
04040103772703000500000000000005000201203
04040200542701000200000000000002000201203
04040200542702000350000000000003500201203
04040200542703000500000000000005000201203
04040203132701000200000000000002000201203
04040203132702000350000000000003500201203
04040203132703000500000000000005000201203
04040204882701000200000000000002000201203
04040204882702000350000000000003500201203
04040204882703000500000000000005000201203
04040204962701000200000000000002000201203
04040204962702000350000000000003500201203
04040204962703000500000000000005000201203
04040205002701000200000000000002000201203
04040205002702000350000000000003500201203
04040205002703000500000000000005000201203
04040205182701000200000000000002000201203
04040205182702000350000000000003500201203
04040205182703000500000000000005000201203
04040205262701000200000000000002000201203
04040205262702000350000000000003500201203
04040205262703000500000000000005000201203
04040205342701000200000000000002000201203
04040205342702000350000000000003500201203
04040205342703000500000000000005000201203
04040205422701000200000000000002000201203
04040205422702000350000000000003500201203
04040205422703000500000000000005000201203
04040205502701000200000000000002000201203
04040205502702000350000000000003500201203
04040205502703000500000000000005000201203
04040205772701000200000000000002000201203
04040205772702000350000000000003500201203
04040205772703000500000000000005000201203
04040205932701000200000000000002000201203
04040205932702000350000000000003500201203
04040205932703000500000000000005000201203
04040206072701000200000000000002000201203
04040206072702000350000000000003500201203
04040206072703000500000000000005000201203
04040207042701000200000000000002000201203
04040207042702000350000000000003500201203
04040207042703000500000000000005000201203
04040207202701000200000000000002000201203
04040207202702000350000000000003500201203
04040207202703000500000000000005000201203
04050100442701000200000000000002000201203
04050100442702000350000000000003500201203
04050100442703000500000000000005000201203
04060101022701000200000000000002000201203
04060101022702000350000000000003500201203
04060101022703000500000000000005000201203
04060101102701000200000000000002000201203
04060101102702000350000000000003500201203
04060101102703000500000000000005000201203
04060103402701000200000000000002000201203
04060103402702000350000000000003500201203
04060103402703000500000000000005000201203
04060105102701000200000000000002000201203
04060105102702000350000000000003500201203
04060105102703000500000000000005000201203
04060105792701000200000000000002000201203
04060105792702000350000000000003500201203
04060105792703000500000000000005000201203
04060106092701000200000000000002000201203
04060106092702000350000000000003500201203
04060106092703000500000000000005000201203
04060106252701000200000000000002000201203
04060106252702000350000000000003500201203
04060106252703000500000000000005000201203
04060107142701000200000000000002000201203
04060107142702000350000000000003500201203
04060107142703000500000000000005000201203
04060107492701000200000000000002000201203
04060107492702000350000000000003500201203
04060107492703000500000000000005000201203
04060107732701000200000000000002000201203
04060107732702000350000000000003500201203
04060107732703000500000000000005000201203
04060107812701000200000000000002000201203
04060107812702000350000000000003500201203
04060107812703000500000000000005000201203
04060107902701000200000000000002000201203
04060107902702000350000000000003500201203
04060107902703000500000000000005000201203
04060108032701000200000000000002000201203
04060108032702000350000000000003500201203
04060108032703000500000000000005000201203
04060108542701000200000000000002000201203
04060108542702000350000000000003500201203
04060108542703000500000000000005000201203
04060108702701000200000000000002000201203
04060108702702000350000000000003500201203
04060108702703000500000000000005000201203
04060109192701000200000000000002000201203
04060109192702000350000000000003500201203
04060109192703000500000000000005000201203
04060109272701000200000000000002000201203
04060109272702000350000000000003500201203
04060109272703000500000000000005000201203
04060109352701000200000000000002000201203
04060109352702000350000000000003500201203
04060109352703000500000000000005000201203
04060110102701000200000000000002000201203
04060110102702000350000000000003500201203
04060110102703000500000000000005000201203
04060110362701000200000000000002000201203
04060110362702000350000000000003500201203
04060110362703000500000000000005000201203
04060110442701000200000000000002000201203
04060110442702000350000000000003500201203
04060110442703000500000000000005000201203
04060110792701000200000000000002000201203
04060110792702000350000000000003500201203
04060110792703000500000000000005000201203
04060111172701000200000000000002000201203
04060111172702000350000000000003500201203
04060111172703000500000000000005000201203
04060111252701000200000000000002000201203
04060111252702000350000000000003500201203
04060111252703000500000000000005000201203
04060111332701000200000000000002000201203
04060111332702000350000000000003500201203
04060111332703000500000000000005000201203
04060111412701000200000000000002000201203
04060111412702000350000000000003500201203
04060111412703000500000000000005000201203
04060111502701000200000000000002000201203
04060111502702000350000000000003500201203
04060111502703000500000000000005000201203
04060111682701000200000000000002000201203
04060111682702000350000000000003500201203
04060111682703000500000000000005000201203
04060111762701000200000000000002000201203
04060111762702000350000000000003500201203
04060111762703000500000000000005000201203
04060111842701000200000000000002000201203
04060111842702000350000000000003500201203
04060111842703000500000000000005000201203
04060111922701000200000000000002000201203
04060111922702000350000000000003500201203
04060111922703000500000000000005000201203
04060112062701000200000000000002000201203
04060112062702000350000000000003500201203
04060112062703000500000000000005000201203
04060200192701000200000000000002000201203
04060200192702000350000000000003500201203
04060200192703000500000000000005000201203
04060200272701000200000000000002000201203
04060200272702000350000000000003500201203
04060200272703000500000000000005000201203
04060200352701000200000000000002000201203
04060200352702000350000000000003500201203
04060200352703000500000000000005000201203
04060200432701000200000000000002000201203
04060200432702000350000000000003500201203
04060200432703000500000000000005000201203
04060201242701000200000000000002000201203
04060201242702000350000000000003500201203
04060201242703000500000000000005000201203
04060201672701000200000000000002000201203
04060201672702000350000000000003500201203
04060201672703000500000000000005000201203
04060201832701000200000000000002000201203
04060201832702000350000000000003500201203
04060201832703000500000000000005000201203
04060203022701000200000000000002000201203
04060203022702000350000000000003500201203
04060203022703000500000000000005000201203
04060203102701000200000000000002000201203
04060203102702000350000000000003500201203
04060203102703000500000000000005000201203
04060203292701000200000000000002000201203
04060203292702000350000000000003500201203
04060203292703000500000000000005000201203
04060203372701000200000000000002000201203
04060203372702000350000000000003500201203
04060203372703000500000000000005000201203
04060203452701000200000000000002000201203
04060203452702000350000000000003500201203
04060203452703000500000000000005000201203
04060203532701000200000000000002000201203
04060203532702000350000000000003500201203
04060203532703000500000000000005000201203
04060203612701000200000000000002000201203
04060203612702000350000000000003500201203
04060203612703000500000000000005000201203
04060203702701000200000000000002000201203
04060203702702000350000000000003500201203
04060203702703000500000000000005000201203
04060203882701000200000000000002000201203
04060203882702000350000000000003500201203
04060203882703000500000000000005000201203
04060203962701000200000000000002000201203
04060203962702000350000000000003500201203
04060203962703000500000000000005000201203
04060204002701000200000000000002000201203
04060204002702000350000000000003500201203
04060204002703000500000000000005000201203
04060204182701000200000000000002000201203
04060204182702000350000000000003500201203
04060204182703000500000000000005000201203
04060204262701000200000000000002000201203
04060204262702000350000000000003500201203
04060204262703000500000000000005000201203
04060204342701000200000000000002000201203
04060204342702000350000000000003500201203
04060204342703000500000000000005000201203
04060204422701000200000000000002000201203
04060204422702000350000000000003500201203
04060204422703000500000000000005000201203
04060204502701000200000000000002000201203
04060204502702000350000000000003500201203
04060204502703000500000000000005000201203
04060204692701000200000000000002000201203
04060204692702000350000000000003500201203
04060204692703000500000000000005000201203
04060204772701000200000000000002000201203
04060204772702000350000000000003500201203
04060204772703000500000000000005000201203
04060204852701000200000000000002000201203
04060204852702000350000000000003500201203
04060204852703000500000000000005000201203
04060204932701000200000000000002000201203
04060204932702000350000000000003500201203
04060204932703000500000000000005000201203
04060205072701000200000000000002000201203
04060205072702000350000000000003500201203
04060205072703000500000000000005000201203
04060205152701000200000000000002000201203
04060205152702000350000000000003500201203
04060205152703000500000000000005000201203
04060205232701000200000000000002000201203
04060205232702000350000000000003500201203
04060205232703000500000000000005000201203
04060205312701000200000000000002000201203
04060205312702000350000000000003500201203
04060205312703000500000000000005000201203
04060205582701000200000000000002000201203
04060205582702000350000000000003500201203
04060205582703000500000000000005000201203
04060205822701000200000000000002000201203
04060205822702000350000000000003500201203
04060205822703000500000000000005000201203
04060205902701000200000000000002000201203
04060205902702000350000000000003500201203
04060205902703000500000000000005000201203
04060206042701000200000000000002000201203
04060206042702000350000000000003500201203
04060206042703000500000000000005000201203
04060300142701000200000000000002000201203
04060300142702000350000000000003500201203
04060300142703000500000000000005000201203
04060300222701000200000000000002000201203
04060300222702000350000000000003500201203
04060300222703000500000000000005000201203
04060300302701000200000000000002000201203
04060300302702000350000000000003500201203
04060300302703000500000000000005000201203
04060300492701000200000000000002000201203
04060300492702000350000000000003500201203
04060300492703000500000000000005000201203
04060300572701000200000000000002000201203
04060300572702000350000000000003500201203
04060300572703000500000000000005000201203
04060300652701000200000000000002000201203
04060300652702000350000000000003500201203
04060300652703000500000000000005000201203
04060300732701000200000000000002000201203
04060300732702000350000000000003500201203
04060300732703000500000000000005000201203
04060300812701000200000000000002000201203
04060300812702000350000000000003500201203
04060300812703000500000000000005000201203
04060300902701000200000000000002000201203
04060300902702000350000000000003500201203
04060300902703000500000000000005000201203
04060301032701000200000000000002000201203
04060301032702000350000000000003500201203
04060301032703000500000000000005000201203
04060301112701000200000000000002000201203
04060301112702000350000000000003500201203
04060301112703000500000000000005000201203
04060301202701000200000000000002000201203
04060301202702000350000000000003500201203
04060301202703000500000000000005000201203
04060301382701000200000000000002000201203
04060301382702000350000000000003500201203
04060301382703000500000000000005000201203
04060301462701000200000000000002000201203
04060301462702000350000000000003500201203
04060301462703000500000000000005000201203
04060400102701000200000000000002000201203
04060400102702000350000000000003500201203
04060400102703000500000000000005000201203
04060400282701000200000000000002000201203
04060400282702000350000000000003500201203
04060400282703000500000000000005000201203
04060400442701000200000000000002000201203
04060400442702000350000000000003500201203
04060400442703000500000000000005000201203
04060400522701000200000000000002000201203
04060400522702000350000000000003500201203
04060400522703000500000000000005000201203
04060400602701000200000000000002000201203
04060400602702000350000000000003500201203
04060400602703000500000000000005000201203
04060400792701000200000000000002000201203
04060400792702000350000000000003500201203
04060400792703000500000000000005000201203
04060400872701000200000000000002000201203
04060400872702000350000000000003500201203
04060400872703000500000000000005000201203
04060400952701000200000000000002000201203
04060400952702000350000000000003500201203
04060400952703000500000000000005000201203
04060401092701000200000000000002000201203
04060401092702000350000000000003500201203
04060401092703000500000000000005000201203
04060401172701000200000000000002000201203
04060401172702000350000000000003500201203
04060401172703000500000000000005000201203
04060401252701000200000000000002000201203
04060401252702000350000000000003500201203
04060401252703000500000000000005000201203
04060401332701000200000000000002000201203
04060401332702000350000000000003500201203
04060401332703000500000000000005000201203
04060401412701000200000000000002000201203
04060401412702000350000000000003500201203
04060401412703000500000000000005000201203
04060401502701000200000000000002000201203
04060401502702000350000000000003500201203
04060401502703000500000000000005000201203
04060401682701000200000000000002000201203
04060401682702000350000000000003500201203
04060401682703000500000000000005000201203
04060401762701000200000000000002000201203
04060401762702000350000000000003500201203
04060401762703000500000000000005000201203
04060401842701000200000000000002000201203
04060401842702000350000000000003500201203
04060401842703000500000000000005000201203
04060401922701000200000000000002000201203
04060401922702000350000000000003500201203
04060401922703000500000000000005000201203
04060402062701000200000000000002000201203
04060402062702000350000000000003500201203
04060402062703000500000000000005000201203
04060402302701000200000000000002000201203
04060402302702000350000000000003500201203
04060402302703000500000000000005000201203
04060402652701000200000000000002000201203
04060402652702000350000000000003500201203
04060402652703000500000000000005000201203
04060402732701000200000000000002000201203
04060402732702000350000000000003500201203
04060402732703000500000000000005000201203
04060402812701000200000000000002000201203
04060402812702000350000000000003500201203
04060402812703000500000000000005000201203
04060402902701000200000000000002000201203
04060402902702000350000000000003500201203
04060402902703000500000000000005000201203
04060403032701000200000000000002000201203
04060403032702000350000000000003500201203
04060403032703000500000000000005000201203
04060403112701000200000000000002000201203
04060403112702000350000000000003500201203
04060403112703000500000000000005000201203
04060403202701000200000000000002000201203
04060403202702000350000000000003500201203
04060403202703000500000000000005000201203
04060403382701000200000000000002000201203
04060403382702000350000000000003500201203
04060403382703000500000000000005000201203
04060500152701000200000000000002000201203
04060500152702000350000000000003500201203
04060500152703000500000000000005000201203
04060500232701000200000000000002000201203
04060500232702000350000000000003500201203
04060500232703000500000000000005000201203
04060500312701000200000000000002000201203
04060500312702000350000000000003500201203
04060500312703000500000000000005000201203
04060500402701000200000000000002000201203
04060500402702000350000000000003500201203
04060500402703000500000000000005000201203
04060500582701000200000000000002000201203
04060500582702000350000000000003500201203
04060500582703000500000000000005000201203
04060500662701000200000000000002000201203
04060500662702000350000000000003500201203
04060500662703000500000000000005000201203
04060500742701000200000000000002000201203
04060500742702000350000000000003500201203
04060500742703000500000000000005000201203
04060500822701000200000000000002000201203
04060500822702000350000000000003500201203
04060500822703000500000000000005000201203
04060501042701000200000000000002000201203
04060501042702000350000000000003500201203
04060501042703000500000000000005000201203
04060501122701000200000000000002000201203
04060501122702000350000000000003500201203
04060501122703000500000000000005000201203
04060501202701000200000000000002000201203
04060501202702000350000000000003500201203
04060501202703000500000000000005000201203
04060501392701000200000000000002000201203
04060501392702000350000000000003500201203
04060501392703000500000000000005000201203
04070100332701000200000000000002000201203
04070100332702000350000000000003500201203
04070100332703000500000000000005000201203
04070100412701000200000000000002000201203
04070100412702000350000000000003500201203
04070100412703000500000000000005000201203
04070100762701000200000000000002000201203
04070100762702000350000000000003500201203
04070100762703000500000000000005000201203
04070100922701000200000000000002000201203
04070100922702000350000000000003500201203
04070100922703000500000000000005000201203
04070101062701000200000000000002000201203
04070101062702000350000000000003500201203
04070101062703000500000000000005000201203
04070101142701000200000000000002000201203
04070101142702000350000000000003500201203
04070101142703000500000000000005000201203
04070101652701000200000000000002000201203
04070101652702000350000000000003500201203
04070101652703000500000000000005000201203
04070101902701000200000000000002000201203
04070101902702000350000000000003500201203
04070101902703000500000000000005000201203
04070103002701000200000000000002000201203
04070103002702000350000000000003500201203
04070103002703000500000000000005000201203
04070200392701000200000000000002000201203
04070200392702000350000000000003500201203
04070200392703000500000000000005000201203
04070200472701000200000000000002000201203
04070200472702000350000000000003500201203
04070200472703000500000000000005000201203
04070200632701000200000000000002000201203
04070200632702000350000000000003500201203
04070200632703000500000000000005000201203
04070200712701000200000000000002000201203
04070200712702000350000000000003500201203
04070200712703000500000000000005000201203
04070200982701000200000000000002000201203
04070200982702000350000000000003500201203
04070200982703000500000000000005000201203
04070201012701000200000000000002000201203
04070201012702000350000000000003500201203
04070201012703000500000000000005000201203
04070201362701000200000000000002000201203
04070201362702000350000000000003500201203
04070201362703000500000000000005000201203
04070201442701000200000000000002000201203
04070201442702000350000000000003500201203
04070201442703000500000000000005000201203
04070201522701000200000000000002000201203
04070201522702000350000000000003500201203
04070201522703000500000000000005000201203
04070201792701000200000000000002000201203
04070201792702000350000000000003500201203
04070201792703000500000000000005000201203
04070201872701000200000000000002000201203
04070201872702000350000000000003500201203
04070201872703000500000000000005000201203
04070202092701000200000000000002000201203
04070202092702000350000000000003500201203
04070202092703000500000000000005000201203
04070202922701000200000000000002000201203
04070202922702000350000000000003500201203
04070202922703000500000000000005000201203
04070203062701000200000000000002000201203
04070203062702000350000000000003500201203
04070203062703000500000000000005000201203
04070203572701000200000000000002000201203
04070203572702000350000000000003500201203
04070203572703000500000000000005000201203
04070203652701000200000000000002000201203
04070203652702000350000000000003500201203
04070203652703000500000000000005000201203
04070203812701000200000000000002000201203
04070203812702000350000000000003500201203
04070203812703000500000000000005000201203
04070204202701000200000000000002000201203
04070204202702000350000000000003500201203
04070204202703000500000000000005000201203
04070204462701000200000000000002000201203
04070204462702000350000000000003500201203
04070204462703000500000000000005000201203
04070204542701000200000000000002000201203
04070204542702000350000000000003500201203
04070204542703000500000000000005000201203
04070204622701000200000000000002000201203
04070204622702000350000000000003500201203
04070204622703000500000000000005000201203
04070204702701000200000000000002000201203
04070204702702000350000000000003500201203
04070204702703000500000000000005000201203
04070301232701000200000000000002000201203
04070301232702000350000000000003500201203
04070301232703000500000000000005000201203
04070301312701000200000000000002000201203
04070301312702000350000000000003500201203
04070301312703000500000000000005000201203
04070301402701000200000000000002000201203
04070301402702000350000000000003500201203
04070301402703000500000000000005000201203
04070301582701000200000000000002000201203
04070301582702000350000000000003500201203
04070301582703000500000000000005000201203
04070301662701000200000000000002000201203
04070301662702000350000000000003500201203
04070301662703000500000000000005000201203
04070301822701000200000000000002000201203
04070301822702000350000000000003500201203
04070301822703000500000000000005000201203
04070302202701000200000000000002000201203
04070302202702000350000000000003500201203
04070302202703000500000000000005000201203
04070400132701000200000000000002000201203
04070400132702000350000000000003500201203
04070400132703000500000000000005000201203
04070400212701000200000000000002000201203
04070400212702000350000000000003500201203
04070400212703000500000000000005000201203
04070400302701000200000000000002000201203
04070400302702000350000000000003500201203
04070400302703000500000000000005000201203
04070400562701000200000000000002000201203
04070400562702000350000000000003500201203
04070400562703000500000000000005000201203
04070401452701000200000000000002000201203
04070401452702000350000000000003500201203
04070401452703000500000000000005000201203
04070401612701000200000000000002000201203
04070401612702000350000000000003500201203
04070401612703000500000000000005000201203
04070401702701000200000000000002000201203
04070401702702000350000000000003500201203
04070401702703000500000000000005000201203
04070402422701000200000000000002000201203
04070402422702000350000000000003500201203
04070402422703000500000000000005000201203
04070402502701000200000000000002000201203
04070402502702000350000000000003500201203
04070402502703000500000000000005000201203
04080100702701000200000000000002000201203
04080100702702000350000000000003500201203
04080100702703000500000000000005000201203
04080101262701000200000000000002000201203
04080101262702000350000000000003500201203
04080101262703000500000000000005000201203
04080101342701000200000000000002000201203
04080101342702000350000000000003500201203
04080101342703000500000000000005000201203
04080101502701000200000000000002000201203
04080101502702000350000000000003500201203
04080101502703000500000000000005000201203
04080101772701000200000000000002000201203
04080101772702000350000000000003500201203
04080101772703000500000000000005000201203
04080101852701000200000000000002000201203
04080101852702000350000000000003500201203
04080101852703000500000000000005000201203
04080101932701000200000000000002000201203
04080101932702000350000000000003500201203
04080101932703000500000000000005000201203
04080102072701000200000000000002000201203
04080102072702000350000000000003500201203
04080102072703000500000000000005000201203
04080200162701000200000000000002000201203
04080200162702000350000000000003500201203
04080200162703000500000000000005000201203
04080200242701000200000000000002000201203
04080200242702000350000000000003500201203
04080200242703000500000000000005000201203
04080200912701000200000000000002000201203
04080200912702000350000000000003500201203
04080200912703000500000000000005000201203
04080201132701000200000000000002000201203
04080201132702000350000000000003500201203
04080201132703000500000000000005000201203
04080201562701000200000000000002000201203
04080201562702000350000000000003500201203
04080201562703000500000000000005000201203
04080201642701000200000000000002000201203
04080201642702000350000000000003500201203
04080201642703000500000000000005000201203
04080201722701000200000000000002000201203
04080201722702000350000000000003500201203
04080201722703000500000000000005000201203
04080201802701000200000000000002000201203
04080201802702000350000000000003500201203
04080201802703000500000000000005000201203
04080201992701000200000000000002000201203
04080201992702000350000000000003500201203
04080201992703000500000000000005000201203
04080202022701000200000000000002000201203
04080202022702000350000000000003500201203
04080202022703000500000000000005000201203
04080202102701000200000000000002000201203
04080202102702000350000000000003500201203
04080202102703000500000000000005000201203
04080202292701000200000000000002000201203
04080202292702000350000000000003500201203
04080202292703000500000000000005000201203
04080202372701000200000000000002000201203
04080202372702000350000000000003500201203
04080202372703000500000000000005000201203
04080202452701000200000000000002000201203
04080202452702000350000000000003500201203
04080202452703000500000000000005000201203
04080203342701000200000000000002000201203
04080203342702000350000000000003500201203
04080203342703000500000000000005000201203
04080203422701000200000000000002000201203
04080203422702000350000000000003500201203
04080203422703000500000000000005000201203
04080203692701000200000000000002000201203
04080203692702000350000000000003500201203
04080203692703000500000000000005000201203
04080203772701000200000000000002000201203
04080203772702000350000000000003500201203
04080203772703000500000000000005000201203
04080203852701000200000000000002000201203
04080203852702000350000000000003500201203
04080203852703000500000000000005000201203
04080203932701000200000000000002000201203
04080203932702000350000000000003500201203
04080203932703000500000000000005000201203
04080204072701000200000000000002000201203
04080204072702000350000000000003500201203
04080204072703000500000000000005000201203
04080204232701000200000000000002000201203
04080204232702000350000000000003500201203
04080204232703000500000000000005000201203
04080204312701000200000000000002000201203
04080204312702000350000000000003500201203
04080204312703000500000000000005000201203
04080204582701000200000000000002000201203
04080204582702000350000000000003500201203
04080204582703000500000000000005000201203
04080204662701000200000000000002000201203
04080204662702000350000000000003500201203
04080204662703000500000000000005000201203
04080205122701000200000000000002000201203
04080205122702000350000000000003500201203
04080205122703000500000000000005000201203
04080205202701000200000000000002000201203
04080205202702000350000000000003500201203
04080205202703000500000000000005000201203
04080205392701000200000000000002000201203
04080205392702000350000000000003500201203
04080205392703000500000000000005000201203
04080205472701000200000000000002000201203
04080205472702000350000000000003500201203
04080205472703000500000000000005000201203
04080304532701000200000000000002000201203
04080304532702000350000000000003500201203
04080304532703000500000000000005000201203
04080305772701000200000000000002000201203
04080305772702000350000000000003500201203
04080305772703000500000000000005000201203
04080306312701000200000000000002000201203
04080306312702000350000000000003500201203
04080306312703000500000000000005000201203
04080307472701000200000000000002000201203
04080307472702000350000000000003500201203
04080307472703000500000000000005000201203
04080401062701000200000000000002000201203
04080401062702000350000000000003500201203
04080401062703000500000000000005000201203
04080401812701000200000000000002000201203
04080401812702000350000000000003500201203
04080401812703000500000000000005000201203
04080401902701000200000000000002000201203
04080401902702000350000000000003500201203
04080401902703000500000000000005000201203
04080402032701000200000000000002000201203
04080402032702000350000000000003500201203
04080402032703000500000000000005000201203
04080402622701000200000000000002000201203
04080402622702000350000000000003500201203
04080402622703000500000000000005000201203
04080402972701000200000000000002000201203
04080402972702000350000000000003500201203
04080402972703000500000000000005000201203
04080403002701000200000000000002000201203
04080403002702000350000000000003500201203
04080403002703000500000000000005000201203
04080403272701000200000000000002000201203
04080403272702000350000000000003500201203
04080403272703000500000000000005000201203
04080403352701000200000000000002000201203
04080403352702000350000000000003500201203
04080403352703000500000000000005000201203
04080500122701000200000000000002000201203
04080500122702000350000000000003500201203
04080500122703000500000000000005000201203
04080501012701000200000000000002000201203
04080501012702000350000000000003500201203
04080501012703000500000000000005000201203
04080501282701000200000000000002000201203
04080501282702000350000000000003500201203
04080501282703000500000000000005000201203
04080501952701000200000000000002000201203
04080501952702000350000000000003500201203
04080501952703000500000000000005000201203
04080502092701000200000000000002000201203
04080502092702000350000000000003500201203
04080502092703000500000000000005000201203
04080502172701000200000000000002000201203
04080502172702000350000000000003500201203
04080502172703000500000000000005000201203
04080502252701000200000000000002000201203
04080502252702000350000000000003500201203
04080502252703000500000000000005000201203
04080502332701000200000000000002000201203
04080502332702000350000000000003500201203
04080502332703000500000000000005000201203
04080502412701000200000000000002000201203
04080502412702000350000000000003500201203
04080502412703000500000000000005000201203
04080502502701000200000000000002000201203
04080502502702000350000000000003500201203
04080502502703000500000000000005000201203
04080502682701000200000000000002000201203
04080502682702000350000000000003500201203
04080502682703000500000000000005000201203
04080502842701000200000000000002000201203
04080502842702000350000000000003500201203
04080502842703000500000000000005000201203
04080502922701000200000000000002000201203
04080502922702000350000000000003500201203
04080502922703000500000000000005000201203
04080504382701000200000000000002000201203
04080504382702000350000000000003500201203
04080504382703000500000000000005000201203
04080504542701000200000000000002000201203
04080504542702000350000000000003500201203
04080504542703000500000000000005000201203
04080504622701000200000000000002000201203
04080504622702000350000000000003500201203
04080504622703000500000000000005000201203
04080504702701000200000000000002000201203
04080504702702000350000000000003500201203
04080504702703000500000000000005000201203
04080504972701000200000000000002000201203
04080504972702000350000000000003500201203
04080504972703000500000000000005000201203
04080505002701000200000000000002000201203
04080505002702000350000000000003500201203
04080505002703000500000000000005000201203
04080505192701000200000000000002000201203
04080505192702000350000000000003500201203
04080505192703000500000000000005000201203
04080505272701000200000000000002000201203
04080505272702000350000000000003500201203
04080505272703000500000000000005000201203
04080505782701000200000000000002000201203
04080505782702000350000000000003500201203
04080505782703000500000000000005000201203
04080506242701000200000000000002000201203
04080506242702000350000000000003500201203
04080506242703000500000000000005000201203
04080506322701000200000000000002000201203
04080506322702000350000000000003500201203
04080506322703000500000000000005000201203
04080506672701000200000000000002000201203
04080506672702000350000000000003500201203
04080506672703000500000000000005000201203
04080506832701000200000000000002000201203
04080506832702000350000000000003500201203
04080506832703000500000000000005000201203
04080506912701000200000000000002000201203
04080506912702000350000000000003500201203
04080506912703000500000000000005000201203
04080507052701000200000000000002000201203
04080507052702000350000000000003500201203
04080507052703000500000000000005000201203
04080507132701000200000000000002000201203
04080507132702000350000000000003500201203
04080507132703000500000000000005000201203
04080600422701000200000000000002000201203
04080600422702000350000000000003500201203
04080600422703000500000000000005000201203
04080601662701000200000000000002000201203
04080601662702000350000000000003500201203
04080601662703000500000000000005000201203
04080603282701000200000000000002000201203
04080603282702000350000000000003500201203
04080603282703000500000000000005000201203
04080603362701000200000000000002000201203
04080603362702000350000000000003500201203
04080603362703000500000000000005000201203
04080606382701000200000000000002000201203
04080606382702000350000000000003500201203
04080606382703000500000000000005000201203
04090100652701000200000000000002000201203
04090100652702000350000000000003500201203
04090100652703000500000000000005000201203
04090100812701000200000000000002000201203
04090100812702000350000000000003500201203
04090100812703000500000000000005000201203
04090101382701000200000000000002000201203
04090101382702000350000000000003500201203
04090101382703000500000000000005000201203
04090101972701000200000000000002000201203
04090101972702000350000000000003500201203
04090101972703000500000000000005000201203
04090102002701000200000000000002000201203
04090102002702000350000000000003500201203
04090102002703000500000000000005000201203
04090102192701000200000000000002000201203
04090102192702000350000000000003500201203
04090102192703000500000000000005000201203
04090102272701000200000000000002000201203
04090102272702000350000000000003500201203
04090102272703000500000000000005000201203
04090102602701000200000000000002000201203
04090102602702000350000000000003500201203
04090102602703000500000000000005000201203
04090102942701000200000000000002000201203
04090102942702000350000000000003500201203
04090102942703000500000000000005000201203
04090103242701000200000000000002000201203
04090103242702000350000000000003500201203
04090103242703000500000000000005000201203
04090103322701000200000000000002000201203
04090103322702000350000000000003500201203
04090103322703000500000000000005000201203
04090200102701000200000000000002000201203
04090200102702000350000000000003500201203
04090200102703000500000000000005000201203
04090200282701000200000000000002000201203
04090200282702000350000000000003500201203
04090200282703000500000000000005000201203
04090200362701000200000000000002000201203
04090200362702000350000000000003500201203
04090200362703000500000000000005000201203
04090201502701000200000000000002000201203
04090201502702000350000000000003500201203
04090201502703000500000000000005000201203
04090300152701000200000000000002000201203
04090300152702000350000000000003500201203
04090300152703000500000000000005000201203
04090400102701000200000000000002000201203
04090400102702000350000000000003500201203
04090400102703000500000000000005000201203
04090400292701000200000000000002000201203
04090400292702000350000000000003500201203
04090400292703000500000000000005000201203
04090402232701000200000000000002000201203
04090402232702000350000000000003500201203
04090402232703000500000000000005000201203
04090501132701000200000000000002000201203
04090501132702000350000000000003500201203
04090501132703000500000000000005000201203
04090600112701000200000000000002000201203
04090600112702000350000000000003500201203
04090600112703000500000000000005000201203
04090600542701000200000000000002000201203
04090600542702000350000000000003500201203
04090600542703000500000000000005000201203
04090701302701000200000000000002000201203
04090701302702000350000000000003500201203
04090701302703000500000000000005000201203
04100100142701000200000000000002000201203
04100100142702000350000000000003500201203
04100100142703000500000000000005000201203
04110100341404000085000000000000850201203
04110100421401000550000000000005500201203
04110100421402000550000000000005500201203
04110100421404000265000000000002650201203
04110100502701000200000000000002000201203
04110100502702000350000000000003500201203
04110100502703000500000000000005000201203
04110100772701000200000000000002000201203
04110100772702000350000000000003500201203
04110100772703000500000000000005000201203
04110200302701000200000000000002000201203
04110200302702000350000000000003500201203
04110200302703000500000000000005000201203
04120100112701000200000000000002000201203
04120100112702000350000000000003500201203
04120100112703000500000000000005000201203
04120100382701000200000000000002000201203
04120100382702000350000000000003500201203
04120100382703000500000000000005000201203
04120100462701000200000000000002000201203
04120100462702000350000000000003500201203
04120100462703000500000000000005000201203
04120100622701000200000000000002000201203
04120100622702000350000000000003500201203
04120100622703000500000000000005000201203
04120100972701000200000000000002000201203
04120100972702000350000000000003500201203
04120100972703000500000000000005000201203
04120101002701000200000000000002000201203
04120101002702000350000000000003500201203
04120101002703000500000000000005000201203
04120101192701000200000000000002000201203
04120101192702000350000000000003500201203
04120101192703000500000000000005000201203
04120101272701000200000000000002000201203
04120101272702000350000000000003500201203
04120101272703000500000000000005000201203
04120200172701000200000000000002000201203
04120200172702000350000000000003500201203
04120200172703000500000000000005000201203
04120200252701000200000000000002000201203
04120200252702000350000000000003500201203
04120200252703000500000000000005000201203
04120200332701000200000000000002000201203
04120200332702000350000000000003500201203
04120200332703000500000000000005000201203
04120200762701000200000000000002000201203
04120200762702000350000000000003500201203
04120200762703000500000000000005000201203
04120200842701000200000000000002000201203
04120200842702000350000000000003500201203
04120200842703000500000000000005000201203
04120300552701000200000000000002000201203
04120300552702000350000000000003500201203
04120300552703000500000000000005000201203
04120300712701000200000000000002000201203
04120300712702000350000000000003500201203
04120300712703000500000000000005000201203
04120300802701000200000000000002000201203
04120300802702000350000000000003500201203
04120300802703000500000000000005000201203
04120301012701000200000000000002000201203
04120301012702000350000000000003500201203
04120301012703000500000000000005000201203
04120301102701000200000000000002000201203
04120301102702000350000000000003500201203
04120301102703000500000000000005000201203
04120301282701000200000000000002000201203
04120301282702000350000000000003500201203
04120301282703000500000000000005000201203
04120400342701000200000000000002000201203
04120400342702000350000000000003500201203
04120400342703000500000000000005000201203
04120400422701000200000000000002000201203
04120400422702000350000000000003500201203
04120400422703000500000000000005000201203
04120400502701000200000000000002000201203
04120400502702000350000000000003500201203
04120400502703000500000000000005000201203
04120400692701000200000000000002000201203
04120400692702000350000000000003500201203
04120400692703000500000000000005000201203
04120400852701000200000000000002000201203
04120400852702000350000000000003500201203
04120400852703000500000000000005000201203
04120401072701000200000000000002000201203
04120401072702000350000000000003500201203
04120401072703000500000000000005000201203
04120401152701000200000000000002000201203
04120401152702000350000000000003500201203
04120401152703000500000000000005000201203
04120401312701000200000000000002000201203
04120401312702000350000000000003500201203
04120401312703000500000000000005000201203
04120401582701000200000000000002000201203
04120401582702000350000000000003500201203
04120401582703000500000000000005000201203
04120401662701000200000000000002000201203
04120401662702000350000000000003500201203
04120401662703000500000000000005000201203
04120401742701000200000000000002000201203
04120401742702000350000000000003500201203
04120401742703000500000000000005000201203
04120401902701000200000000000002000201203
04120401902702000350000000000003500201203
04120401902703000500000000000005000201203
04120402042701000200000000000002000201203
04120402042702000350000000000003500201203
04120402042703000500000000000005000201203
04120402122701000200000000000002000201203
04120402122702000350000000000003500201203
04120402122703000500000000000005000201203
04120402202701000200000000000002000201203
04120402202702000350000000000003500201203
04120402202703000500000000000005000201203
04120500132701000200000000000002000201203
04120500132702000350000000000003500201203
04120500132703000500000000000005000201203
04120500302701000200000000000002000201203
04120500302702000350000000000003500201203
04120500302703000500000000000005000201203
04120500722701000200000000000002000201203
04120500722702000350000000000003500201203
04120500722703000500000000000005000201203
04120500802701000200000000000002000201203
04120500802702000350000000000003500201203
04120500802703000500000000000005000201203
04120501372701000200000000000002000201203
04120501372702000350000000000003500201203
04120501372703000500000000000005000201203
04120501452701000200000000000002000201203
04120501452702000350000000000003500201203
04120501452703000500000000000005000201203
04120501532701000200000000000002000201203
04120501532702000350000000000003500201203
04120501532703000500000000000005000201203
04120501612701000200000000000002000201203
04120501612702000350000000000003500201203
04120501612703000500000000000005000201203
04130100152701000200000000000002000201203
04130100152702000350000000000003500201203
04130100152703000500000000000005000201203
04130100662101000101100000000001011201203
04130100662102000665700000000006657201203
04130100662701000200000000000002000201203
04130100662702000350000000000003500201203
04130100662703000500000000000005000201203
04130100822101000174200000000001742201203
04130100822102000440000000000004400201203
04130100822701000200000000000002000201203
04130100822702000350000000000003500201203
04130100822703000500000000000005000201203
04130100902701000200000000000002000201203
04130100902702000350000000000003500201203
04130100902703000500000000000005000201203
04130401782701000200000000000002000201203
04130401782702000350000000000003500201203
04130401782703000500000000000005000201203
04150100122701000200000000000002000201203
04150100122702000350000000000003500201203
04150100122703000500000000000005000201203
04150300132701000200000000000002000201203
04150300132702000350000000000003500201203
04150300132703000500000000000005000201203
04150400272701000200000000000002000201203
04150400272702000350000000000003500201203
04150400272703000500000000000005000201203
04150400352701000200000000000002000201203
04150400352702000350000000000003500201203
04150400352703000500000000000005000201203
08020102102608000671100000000006711201203
08020102292609000572900000000005729201203
