020101003801201203
020101009701201203
020101009707201203
020101009709201203
020101011901201203
020101011907201203
020101011909201203
020101012701201203
020101013501201203
020101014301201203
020101014307201203
020101014309201203
020101016001201203
020101016009201203
020101018601201203
020101018607201203
020101018609201203
020101020801201203
020101024001201203
020101024007201203
020101024009201203
020101025901201203
020101026701201203
020101026707201203
020101026709201203
020101027503201203
020101027507201203
020101027509201203
020101030501201203
020101030507201203
020101030509201203
020101031301201203
020101031307201203
020101031309201203
020101032101201203
020101032107201203
020101032109201203
020101033001201203
020101033007201203
020101033009201203
020101040201201203
020101040207201203
020101040209201203
020101053401201203
020101055001201203
020101057701201203
020101057707201203
020904003301201203
020904003307201203
020904003309201203
020904005001201203
020904005007201203
020904005009201203
021105009101201203
021105010503201203
021105010507201203
021105010509201203
021105014801201203
030106001003201203
030106001007201203
030106007001201203
030106007003201203
030106007007201203
030106008803201203
030109001703201203
030109001709201203
030109001713201203
030109002503201203
030109002509201203
030109002513201203
030301001003201203
030301001007201203
030301002903201203
030301002907201203
030301003703201203
030301003707201203
030301004503201203
030301004507201203
030301005303201203
030301005307201203
030301006103201203
030301006107201203
030301007003201203
030301007007201203
030301008803201203
030301008807201203
030301009603201203
030301009607201203
030301010003201203
030301010007201203
030301011803201203
030301011807201203
030301012603201203
030301012607201203
030301013403201203
030301013407201203
030301014203201203
030301014207201203
030301015003201203
030301015007201203
030301016903201203
030301016907201203
030301017703201203
030301017707201203
030301018503201203
030301018507201203
030301019303201203
030301019307201203
030301020703201203
030301020707201203
030301021503201203
030301021506201203
030301021507201203
030302003203201203
030302003207201203
030302004003201203
030302004007201203
030302005903201203
030302005907201203
030302006703201203
030302006707201203
030302007503201203
030302007507201203
030302008303201203
030302008307201203
030303001107201203
030303001111201203
030303002003201203
030303002007201203
030303003803201203
030303003807201203
030303004603201203
030303004607201203
030303005403201203
030303005407201203
030303006203201203
030303006207201203
030304001703201203
030304001707201203
030304002503201203
030304002507201203
030304003303201203
030304003307201203
030304004103201203
030304004107201203
030304005003201203
030304005007201203
030304006803201203
030304006807201203
030304007603201203
030304007607201203
030304008401201203
030304008403201203
030304008407201203
030304009201201203
030304009203201203
030304009207201203
030304010603201203
030304010607201203
030304011401201203
030304011403201203
030304011407201203
030304012201201203
030304012203201203
030304012207201203
030304013003201203
030304013007201203
030304014903201203
030304014907201203
030304015703201203
030304015707201203
030304016503201203
030304016507201203
030304017303201203
030304017307201203
030304018103201203
030304019003201203
030304019007201203
030304020303201203
030304020307201203
030304021103201203
030304021107201203
030304022003201203
030304022007201203
030304023803201203
030304023807201203
030304024603201203
030304024607201203
030304025403201203
030304025407201203
030304026203201203
030304026207201203
030304027003201203
030304027007201203
030304028903201203
030304029703201203
030304029707201203
030305013603201203
030305013607201203
030305014403201203
030305014407201203
030306001803201203
030306001807201203
030306002603201203
030306002607201203
030306003403201203
030306003407201203
030306004203201203
030306004207201203
030306005003201203
030306005007201203
030306006903201203
030306006907201203
030306007703201203
030306007707201203
030306008503201203
030306008507201203
030306009303201203
030306009307201203
030306010703201203
030306010707201203
030306011503201203
030306011507201203
030306012303201203
030306012307201203
030306013103201203
030306013107201203
030306014003201203
030306014007201203
030306015803201203
030306016603201203
030306016607201203
030306017403201203
030306017407201203
030306018203201203
030306018207201203
030306019003201203
030306019007201203
030306020403201203
030306020407201203
030306021203201203
030306021207201203
030306022001201203
030306022003201203
030306022007201203
030306023903201203
030306023907201203
030306024703201203
030306024707201203
030306025503201203
030306026303201203
030306026307201203
030306027103201203
030306027107201203
030306028003201203
030306028007201203
030306029803201203
030306029807201203
030306030103201203
030306030107201203
030307006403201203
030307006407201203
030307007203201203
030307007207201203
030307008003201203
030307008007201203
030307009903201203
030307009907201203
030307010203201203
030307010207201203
030307011003201203
030307011007201203
030307012903201203
030307012907201203
030308004303201203
030308004307201203
030308005103201203
030308005107201203
030308006003201203
030308006007201203
030308007803201203
030308007807201203
030308008603201203
030308008607201203
030308009403201203
030308009407201203
030309013803201203
030309013807201203
030309013809201203
030309019703201203
030309019707201203
030309019709201203
030309023503201203
030309023507201203
030309023509201203
030309031603201203
030309031607201203
030310001002201203
030310001003201203
030310001007201203
030310002802201203
030310002803201203
030310002807201203
030310003602201203
030310003603201203
030310003607201203
030310004402201203
030310004403201203
030310004407201203
030310005202201203
030310005203201203
030310005207201203
030311001503201203
030311001507201203
030311002303201203
030311002307201203
030311003103201203
030311003107201203
030311004003201203
030311004007201203
030311005803201203
030311005807201203
030311006603201203
030311006607201203
030311007403201203
030311007407201203
030311008203201203
030311008207201203
030311009003201203
030311009007201203
030311010403201203
030311010407201203
030311011203201203
030311011207201203
030313001604201203
030313002404201203
030313003204201203
030313004004201203
030313005904201203
030313006704201203
030313007504201203
030313008304201203
030314002003201203
030314002007201203
030314003803201203
030314003807201203
030314004603201203
030314004607201203
030314005403201203
030314005407201203
030314006203201203
030314006207201203
030314007003201203
030314007007201203
030314008903201203
030314008907201203
030314009703201203
030314009707201203
030314010003201203
030314010007201203
030314011903201203
030314011907201203
030314012703201203
030314012707201203
030314013503201203
030314013507201203
030314014303201203
030314014307201203
030314015103201203
030314015107201203
030315001703201203
030315001707201203
030315002503201203
030315002507201203
030315003303201203
030315003307201203
030315004103201203
030315004107201203
030315005003201203
030315005007201203
030315006803201203
030315006807201203
030316001207201203
030316002002201203
030316002003201203
030316002007201203
030316003907201203
030316004707201203
030316005507201203
030316006307201203
030316007107201203
030317001803201203
030317001805201203
030317001807201203
030317002603201203
030317002607201203
030317003403201203
030317003407201203
030317004203201203
030317004207201203
030317005003201203
030317005007201203
030317006903201203
030317006907201203
030317008503201203
030317008505201203
030317008507201203
030317009305201203
030317009307201203
030317010707201203
030317010714201203
030317011502201203
030317011503201203
030317011505201203
030317011507201203
030317012302201203
030317012303201203
030317012305201203
030317012307201203
030318001303201203
030318001307201203
030318003003201203
030318003007201203
030318004803201203
030318004807201203
030318005603201203
030318005607201203
030318006403201203
030318006407201203
030318007207201203
030318007210201203
030319001903201203
030319001907201203
030319001908201203
030401004903201203
030401005703201203
030401006503201203
030401011103201203
030401011107201203
030401016203201203
030401032403201203
030401033203201203
030408002003201203
030408002007201203
030408003903201203
030408003907201203
030408003909201203
030408004703201203
030408006303201203
030409001803201203
030409001807201203
030409002603201203
030409002607201203
030409003403201203
030409003407201203
030409004203201203
030409004207201203
030410001303201203
030410001307201203
030410001309201203
030410002103201203
030410002107201203
030501017403201203
030501017407201203
030502001303201203
030502001307201203
030502002103201203
030502002107201203
030502003003201203
030502003007201203
030502004803201203
030502004807201203
030502005603201203
030502005607201203
030701005801201203
030701005803201203
030701005807201203
030701005809201203
030702003701201203
030702003703201203
030702003707201203
030702003709201203
030702004501201203
030702004503201203
030702004507201203
030702004509201203
030702005301201203
030702005303201203
030702005307201203
030702005309201203
030702006101201203
030702006103201203
030702006107201203
030702006109201203
030702008801201203
030702008803201203
030702008807201203
030702008809201203
030702009601201203
030702009603201203
030702009607201203
030702009609201203
030702010001201203
030702010003201203
030702010007201203
030702010009201203
030702011801201203
030702011803201203
030702011807201203
030702011809201203
030703003201201203
030703003203201203
030703003207201203
030703003209201203
030704001101201203
030704001103201203
030704001107201203
030704001109201203
030704006201201203
030704006203201203
030704006207201203
030704006209201203
030704008901201203
030704008903201203
030704008907201203
030704008909201203
030801001901201203
030801001903201203
030801001907201203
030801002703201203
030801002707201203
030801003501201203
030801003503201203
030801003507201203
030801004301201203
030801004303201203
030801004307201203
030802002203201203
030802002207201203
030802003003201203
030802003007201203
030803001003201203
030803001007201203
030803002803201203
030803002807201203
030803003601201203
030803003603201203
030803003607201203
030803003683201203
030804001501201203
030804001503201203
030804001507201203
030804002303201203
030804002307201203
030901003901201203
030901003903201203
030901003907201203
030901004701201203
030901004703201203
030901005501201203
030901005507201203
030901006301201203
030901006307201203
030901007101201203
030901007103201203
030901008001201203
030901008007201203
030901009801201203
030901009807201203
030901010101201203
030901010103201203
030901010107201203
031001003901201203
031001003902201203
031001003903201203
031001004701201203
031001004702201203
031001004703201203
040102001001201203
040102001007201203
040102002901201203
040102002907201203
040102003701201203
040102003707201203
040102004501201203
040102004507201203
040102004509201203
040102005301201203
040102005307201203
040102005309201203
040102006101201203
040102006107201203
040102006109201203
040102007001201203
040102007007201203
040102007009201203
040102008801201203
040102008807201203
040102008809201203
040102009601201203
040102009607201203
040102009609201203
040102010001201203
040102010007201203
040102010009201203
040102011801201203
040102011807201203
040102012601201203
040102012607201203
040102013401201203
040102014201201203
040102014207201203
040102014209201203
040102015001201203
040102015007201203
040102015009201203
040102016901201203
040102016907201203
040201001901201203
040201001907201203
040201002701201203
040201002707201203
040201003501201203
040201003507201203
040201003509201203
040201004301201203
040201004307201203
040201004309201203
040201005101201203
040201005107201203
040202001401201203
040202001407201203
040202002201201203
040202002207201203
040301001201201203
040301001207201203
040301002001201203
040301002007201203
040301003901201203
040301003907201203
040301004701201203
040301004707201203
040301005501201203
040301005507201203
040301006301201203
040301006307201203
040301007101201203
040301007107201203
040301008001201203
040301008007201203
040301009801201203
040301009807201203
040301010101201203
040301010107201203
040301011001201203
040301011007201203
040301012801201203
040301012807201203
040301013601201203
040301013607201203
040301014401201203
040301014407201203
040301015201201203
040301015207201203
040301016001201203
040301016007201203
040301017901201203
040301017907201203
040301018701201203
040301018707201203
040301019501201203
040301019507201203
040301020901201203
040301020907201203
040301021701201203
040301021707201203
040301022501201203
040301022507201203
040301023301201203
040301023307201203
040301024101201203
040301024107201203
040301025001201203
040301025007201203
040301026801201203
040301026807201203
040301027601201203
040301027607201203
040301028401201203
040301028407201203
040301029201201203
040301029207201203
040301030601201203
040301030607201203
040301031401201203
040301031407201203
040301032201201203
040301032207201203
040301033001201203
040301033007201203
040301034901201203
040301034907201203
040301035701201203
040301035707201203
040301036501201203
040301036507201203
040301039003201203
040301039007201203
040302001801201203
040302001807201203
040302002601201203
040302002607201203
040302003401201203
040302003407201203
040302004201201203
040302004207201203
040302005001201203
040302005007201203
040302006901201203
040302006907201203
040302007701201203
040302007707201203
040302008501201203
040302008507201203
040302009301201203
040302009307201203
040302010701201203
040302010707201203
040302011501201203
040302011507201203
040302012301201203
040302012307201203
040302012309201203
040302013101201203
040302013107201203
040303001301201203
040303001307201203
040303002101201203
040303002107201203
040303003001201203
040303003007201203
040303004801201203
040303004807201203
040303005601201203
040303005607201203
040303006401201203
040303006407201203
040303008001201203
040303008007201203
040303009901201203
040303009907201203
040303010201201203
040303010207201203
040303011001201203
040303011007201203
040303012901201203
040303012907201203
040303013701201203
040303013707201203
040303014501201203
040303014507201203
040303015301201203
040303015307201203
040303016101201203
040303016107201203
040303017001201203
040303017007201203
040304001901201203
040304001907201203
040304002701201203
040304002707201203
040304005101201203
040304005107201203
040304006001201203
040304006007201203
040304007801201203
040304007807201203
040304008601201203
040304008607201203
040304009401201203
040304009407201203
040304010801201203
040304010807201203
040304011601201203
040304011607201203
040304012401201203
040304012407201203
040305003001201203
040305003003201203
040305003007201203
040305004901201203
040305004907201203
040305005701201203
040305006501201203
040305006507201203
040305007301201203
040305007307201203
040305009001201203
040305009007201203
040305010301201203
040305010307201203
040305011101201203
040305011107201203
040305012001201203
040305012007201203
040305013801201203
040305013807201203
040305014601201203
040305014607201203
040305015401201203
040305015407201203
040305016201201203
040306001001201203
040306001007201203
040306002801201203
040306002807201203
040306003601201203
040306003607201203
040306004401201203
040306004407201203
040306005201201203
040306005207201203
040306006001201203
040306006007201203
040306007901201203
040306007907201203
040306008701201203
040306008707201203
040306009501201203
040306009507201203
040307001501201203
040307004001201203
040307004007201203
040307005801201203
040307005807201203
040307008201201203
040307009001201203
040307010401201203
040307011201201203
040307012001201203
040307013901201203
040307013907201203
040307014701201203
040307014707201203
040307015501201203
040307015507201203
040307016301201203
040307016307201203
040308001001201203
040308002901201203
040308003701201203
040308004501201203
040308005301201203
040308005307201203
040308006101201203
040308007001201203
040308007007201203
040308008801201203
040308008807201203
040308009601201203
040308009607201203
040308010001201203
040401001601201203
040401001605201203
040401001609201203
040401002401201203
040401002407201203
040401002409201203
040401003201201203
040401003207201203
040401003209201203
040401004001201203
040401004007201203
040401005901201203
040401005907201203
040401006701201203
040401006707201203
040401008301201203
040401008307201203
040401010501201203
040401010507201203
040401011301201203
040401011307201203
040401012101201203
040401012107201203
040401012109201203
040401013001201203
040401013007201203
040401014801201203
040401014807201203
040401016401201203
040401016407201203
040401017201201203
040401017207201203
040401018001201203
040401018007201203
040401019901201203
040401019907201203
040401020201201203
040401020207201203
040401021001201203
040401021007201203
040401022901201203
040401022907201203
040401023701201203
040401023707201203
040401028801201203
040401028807201203
040401031801201203
040401031807201203
040401031809201203
040401032601201203
040401032607201203
040401033401201203
040401033407201203
040401035001201203
040401035007201203
040401037701201203
040401037707201203
040401038501201203
040401038507201203
040401040701201203
040401040707201203
040401041501201203
040401041507201203
040401041509201203
040401042301201203
040401043101201203
040401043107201203
040401045801201203
040401045807201203
040401046601201203
040401046607201203
040401047401201203
040401047407201203
040401047409201203
040401048201201203
040401048207201203
040401048209201203
040401049001201203
040401049007201203
040401050401201203
040401050407201203
040401051201201203
040401051207201203
040401052001201203
040401052007201203
040401052009201203
040401053901201203
040401053907201203
040401054701201203
040401054707201203
040401055501201203
040401055507201203
040402001101201203
040402001107201203
040402001109201203
040402003801201203
040402003807201203
040402004601201203
040402004607201203
040402004609201203
040402006201201203
040402006207201203
040402007001201203
040402007007201203
040402007009201203
040402008901201203
040402008907201203
040402008909201203
040402010001201203
040402010003201203
040402010007201203
040402010009201203
040402011901201203
040402011907201203
040402011909201203
040402013501201203
040402013507201203
040402014301201203
040402014307201203
040402017801201203
040402017807201203
040402020801201203
040402020807201203
040402022401201203
040402022407201203
040402023201201203
040402023207201203
040402024001201203
040402024007201203
040402027501201203
040402027507201203
040402029101201203
040402029107201203
040402031301201203
040402031307201203
040402031309201203
040402032101201203
040402032107201203
040402034801201203
040402034807201203
040402035601201203
040402035607201203
040402035609201203
040402038001201203
040402038007201203
040402039901201203
040402039907201203
040402042901201203
040402042907201203
040402045301201203
040402045307201203
040402046101201203
040402046107201203
040402047001201203
040402047007201203
040402048801201203
040402048807201203
040402048809201203
040402049601201203
040402049607201203
040402050001201203
040402050007201203
040402051801201203
040402051807201203
040402052601201203
040402052607201203
040402053401201203
040402053407201203
040402054201201203
040402054207201203
040402055001201203
040402055007201203
040402056901201203
040402056907201203
040402057701201203
040402057707201203
040402057709201203
040402058501201203
040402058507201203
040402059301201203
040402059307201203
040402060701201203
040402060707201203
040402064001201203
040402064007201203
040402065801201203
040402065807201203
040402065809201203
040402066601201203
040402066607201203
040402066609201203
040402069001201203
040402069007201203
040402070401201203
040402070407201203
040402071201201203
040402071207201203
040402072001201203
040402072007201203
040402073901201203
040402073907201203
040402077101201203
040402077107201203
040402077109201203
040402078001201203
040402078007201203
040403001701201203
040403001707201203
040403001709201203
040403003301201203
040403003307201203
040403004101201203
040403004107201203
040403004109201203
040403005001201203
040403005007201203
040403006801201203
040403006807201203
040403006809201203
040403007601201203
040403007607201203
040403008401201203
040403008407201203
040403010601201203
040403010607201203
040403012201201203
040403012207201203
040403012209201203
040403013001201203
040403013007201203
040403015701201203
040403015707201203
040403016501201203
040403016507201203
040403017301201203
040403017307201203
040403017309201203
040403019001201203
040403019007201203
040403022001201203
040403022007201203
040403022009201203
040403024601201203
040403024607201203
040403025401201203
040403025407201203
040403026201201203
040403026207201203
040403027001201203
040403027007201203
040403028901201203
040403028907201203
040403029701201203
040403029707201203
040403030001201203
040403030007201203
040403031901201203
040403031907201203
040403032701201203
040403032707201203
040501001001201203
040501001007201203
040501001009201203
040501002801201203
040501002807201203
040501002809201203
040501003601201203
040501003607201203
040501003609201203
040501007901201203
040501007907201203
040501007909201203
040501008701201203
040501008707201203
040501008709201203
040501011701201203
040501011707201203
040501011709201203
040501012501201203
040501012507201203
040501012509201203
040501013301201203
040501013307201203
040501013309201203
040501015001201203
040501015007201203
040501015009201203
040501017601201203
040501017607201203
040501017609201203
040502001501201203
040502001507201203
040502001509201203
040502002301201203
040502002307201203
040502002309201203
040503001001201203
040503001007201203
040503001009201203
040503002901201203
040503002907201203
040503002909201203
040503007001201203
040503007007201203
040503007009201203
040503009601201203
040503009607201203
040503009609201203
040503011801201203
040503011807201203
040503011809201203
040503013401201203
040503013407201203
040503013409201203
040503014201201203
040503014207201203
040503014209201203
040503016901201203
040503016907201203
040503016909201203
040503017701201203
040503017707201203
040503017709201203
040503018501201203
040503018507201203
040503019301201203
040503019307201203
040503020701201203
040503020707201203
040503020709201203
040504001601201203
040504001607201203
040504001609201203
040504002401201203
040504002407201203
040504002409201203
040504004001201203
040504004007201203
040504004009201203
040504005901201203
040504005907201203
040504005909201203
040504006701201203
040504006707201203
040504006709201203
040504007501201203
040504007507201203
040504007509201203
040504008301201203
040504008307201203
040504008309201203
040504009101201203
040504009107201203
040504009109201203
040504010501201203
040504010507201203
040504010509201203
040504014801201203
040504014807201203
040504014809201203
040504015601201203
040504015607201203
040504015609201203
040504016401201203
040504016407201203
040504016409201203
040504018001201203
040504018007201203
040504020201201203
040504020207201203
040504020209201203
040504021001201203
040504021007201203
040504021009201203
040505001101201203
040505001107201203
040505001109201203
040505004601201203
040505004607201203
040505004609201203
040505005401201203
040505005407201203
040505005409201203
040505009701201203
040505009707201203
040505009709201203
040505010001201203
040505010007201203
040505010009201203
040505011901201203
040505011907201203
040505011909201203
040505013501201203
040505013507201203
040505013509201203
040505014301201203
040505014307201203
040505014309201203
040505015101201203
040505015107201203
040505015109201203
040505018601201203
040505018607201203
040505018609201203
040505021601201203
040505021607201203
040505021609201203
040505022401201203
040505022407201203
040505022409201203
040505023201201203
040505023207201203
040505023209201203
040505031301201203
040505031307201203
040505031309201203
040505032101201203
040505032107201203
040505032109201203
040505035601201203
040505035607201203
040505035609201203
040505037201201203
040505037207201203
040505037209201203
040505038001201203
040505038007201203
040505038009201203
040505039901201203
040505039907201203
040505039909201203
040601001301201203
040601001307201203
040601002101201203
040601002107201203
040601003001201203
040601003007201203
040601004801201203
040601004807201203
040601005601201203
040601005607201203
040601006401201203
040601006407201203
040601007201201203
040601007207201203
040601008001201203
040601009901201203
040601009907201203
040601010201201203
040601010207201203
040601011001201203
040601011007201203
040601013701201203
040601013707201203
040601015301201203
040601015307201203
040601016101201203
040601017001201203
040601017007201203
040601018801201203
040601018807201203
040601019601201203
040601019607201203
040601020001201203
040601020007201203
040601021801201203
040601021807201203
040601022601201203
040601022607201203
040601023401201203
040601023407201203
040601024201201203
040601024207201203
040601025001201203
040601025007201203
040601026901201203
040601026907201203
040601027701201203
040601027707201203
040601028501201203
040601028507201203
040601029301201203
040601029307201203
040601030701201203
040601030707201203
040601031501201203
040601031507201203
040601032301201203
040601032307201203
040601033101201203
040601033107201203
040601034001201203
040601034007201203
040601035801201203
040601035807201203
040601036601201203
040601036607201203
040601037401201203
040601037407201203
040601038201201203
040601038207201203
040601039001201203
040601039007201203
040601040401201203
040601040407201203
040601041201201203
040601041207201203
040601042001201203
040601042007201203
040601043901201203
040601043907201203
040601044701201203
040601044707201203
040601045501201203
040601045507201203
040601046301201203
040601046307201203
040601047101201203
040601047107201203
040601048001201203
040601048007201203
040601049801201203
040601049807201203
040601050101201203
040601050107201203
040601051001201203
040601051007201203
040601052801201203
040601052807201203
040601053601201203
040601053607201203
040601054401201203
040601054407201203
040601055201201203
040601055207201203
040601056001201203
040601056007201203
040601057901201203
040601058701201203
040601059501201203
040601060901201203
040601061701201203
040601062501201203
040601063301201203
040601064101201203
040601064107201203
040601065001201203
040601066801201203
040601066807201203
040601067601201203
040601067607201203
040601068401201203
040601068407201203
040601069201201203
040601069207201203
040601070601201203
040601071401201203
040601071407201203
040601073001201203
040601073007201203
040601075701201203
040601075707201203
040601076501201203
040601076507201203
040601077301201203
040601077307201203
040601078101201203
040601078107201203
040601079001201203
040601080301201203
040601080307201203
040601081101201203
040601082001201203
040601082007201203
040601083801201203
040601084601201203
040601085401201203
040601086201201203
040601087001201203
040601088901201203
040601089701201203
040601089707201203
040601090001201203
040601090007201203
040601091901201203
040601091907201203
040601092701201203
040601093501201203
040601094301201203
040601095101201203
040601096001201203
040601096003201203
040601096007201203
040601097801201203
040601097803201203
040601097807201203
040601098601201203
040601099401201203
040601100101201203
040601101001201203
040601102801201203
040601103601201203
040601104401201203
040601104407201203
040601105201201203
040601107901201203
040601108701201203
040601109501201203
040601110901201203
040601111701201203
040601112501201203
040601113301201203
040601113307201203
040601114101201203
040601115001201203
040601115007201203
040601116801201203
040601117601201203
040601118401201203
040601119201201203
040601120601201203
040601121401201203
040601121407201203
040601122201201203
040601122207201203
040601123001201203
040601124901201203
040601125701201203
040602001901201203
040602001907201203
040602002701201203
040602002707201203
040602003501201203
040602003507201203
040602004301201203
040602004307201203
040602005101201203
040602005107201203
040602007801201203
040602007807201203
040602007809201203
040602010801201203
040602011601201203
040602011607201203
040602012401201203
040602012407201203
040602015901201203
040602015907201203
040602015909201203
040602016701201203
040602016707201203
040602019101201203
040602019107201203
040602021301201203
040602022101201203
040602023001201203
040602024801201203
040602024807201203
040602025601201203
040602025607201203
040602026401201203
040602026407201203
040602027201201203
040602027207201203
040602028001201203
040602028007201203
040602030201201203
040602030207201203
040602031001201203
040602031007201203
040602032901201203
040602032907201203
040602033701201203
040602033707201203
040602034501201203
040602034507201203
040602035301201203
040602035307201203
040602036101201203
040602036107201203
040602037001201203
040602037007201203
040602038801201203
040602038807201203
040602039601201203
040602039607201203
040602040001201203
040602040007201203
040602041801201203
040602041807201203
040602042601201203
040602042607201203
040602043401201203
040602043407201203
040602044201201203
040602044207201203
040602045001201203
040602046901201203
040602046907201203
040602047701201203
040602047707201203
040602048501201203
040602048507201203
040602049301201203
040602049307201203
040602050701201203
040602050707201203
040602051501201203
040602051507201203
040602052301201203
040602053101201203
040602053107201203
040602054001201203
040602054007201203
040602055801201203
040602055807201203
040602056601201203
040602056607201203
040602057401201203
040602057407201203
040602058201201203
040602058207201203
040602059001201203
040602059007201203
040602060401201203
040602060407201203
040602062001201203
040602062003201203
040602062007201203
040602062009201203
040603001401201203
040603002201201203
040603003001201203
040603004901201203
040603005701201203
040603005707201203
040603006501201203
040603007301201203
040603008101201203
040603008107201203
040603009001201203
040603009007201203
040603010301201203
040603010307201203
040603011101201203
040603011107201203
040603012001201203
040603012007201203
040603013801201203
040603013807201203
040603014601201203
040603014607201203
040604001001201203
040604001007201203
040604002801201203
040604002807201203
040604004401201203
040604004407201203
040604005201201203
040604005207201203
040604006001201203
040604006007201203
040604007901201203
040604007907201203
040604008701201203
040604009501201203
040604010901201203
040604010907201203
040604011701201203
040604011707201203
040604012501201203
040604012507201203
040604013301201203
040604014101201203
040604014107201203
040604015001201203
040604016801201203
040604017601201203
040604018401201203
040604019201201203
040604019207201203
040604020601201203
040604020607201203
040604021401201203
040604021407201203
040604022201201203
040604022207201203
040604023001201203
040604023007201203
040604024901201203
040604024907201203
040604025701201203
040604025707201203
040604026501201203
040604026507201203
040604027301201203
040604027307201203
040604028101201203
040604029001201203
040604029007201203
040604030301201203
040604030307201203
040604031101201203
040604031107201203
040604032001201203
040604032007201203
040604033801201203
040604033807201203
040605001501201203
040605001507201203
040605002301201203
040605002307201203
040605003101201203
040605003107201203
040605004001201203
040605004007201203
040605005801201203
040605005807201203
040605006601201203
040605006607201203
040605007401201203
040605007407201203
040605008201201203
040605008207201203
040605009001201203
040605009007201203
040605010401201203
040605010407201203
040605011201201203
040605012001201203
040605012007201203
040605013901201203
040605013907201203
040701001701201203
040701001707201203
040701003301201203
040701003307201203
040701004101201203
040701005001201203
040701005007201203
040701006801201203
040701006807201203
040701007601201203
040701008401201203
040701008407201203
040701009201201203
040701009207201203
040701010601201203
040701010607201203
040701011401201203
040701011407201203
040701012201201203
040701013001201203
040701014901201203
040701015701201203
040701015707201203
040701016501201203
040701016507201203
040701017301201203
040701018101201203
040701019001201203
040701019007201203
040701020301201203
040701020307201203
040701021101201203
040701021107201203
040701022001201203
040701022007201203
040701023801201203
040701023807201203
040701027001201203
040701027007201203
040701028901201203
040701029701201203
040701029707201203
040701030001201203
040701033501201203
040701033507201203
040701034301201203
040701034307201203
040701035101201203
040701035107201203
040702001201201203
040702002001201203
040702003901201203
040702003907201203
040702004701201203
040702004707201203
040702006301201203
040702006307201203
040702007101201203
040702007107201203
040702008001201203
040702008007201203
040702009801201203
040702009807201203
040702010101201203
040702010107201203
040702011001201203
040702011007201203
040702011009201203
040702013601201203
040702013607201203
040702013609201203
040702014401201203
040702014407201203
040702014409201203
040702015201201203
040702015207201203
040702017901201203
040702017907201203
040702018701201203
040702018707201203
040702019501201203
040702019507201203
040702020901201203
040702020907201203
040702021701201203
040702021709201203
040702022501201203
040702022507201203
040702022509201203
040702023301201203
040702023307201203
040702024101201203
040702024107201203
040702025001201203
040702025007201203
040702026801201203
040702026807201203
040702027601201203
040702027607201203
040702027609201203
040702028401201203
040702028407201203
040702028409201203
040702029201201203
040702029207201203
040702030601201203
040702030607201203
040702032201201203
040702032207201203
040702032209201203
040702033001201203
040702034901201203
040702035701201203
040702036501201203
040702036507201203
040702038101201203
040702038107201203
040702040301201203
040702040307201203
040702041101201203
040702041107201203
040702042001201203
040702042007201203
040702043801201203
040702043807201203
040702044601201203
040702044607201203
040702045401201203
040702045407201203
040702045409201203
040702046201201203
040702046207201203
040702047001201203
040702047007201203
040702047009201203
040703001801201203
040703001807201203
040703002601201203
040703002607201203
040703003401201203
040703003407201203
040703004201201203
040703004207201203
040703005001201203
040703005007201203
040703006901201203
040703006907201203
040703007701201203
040703007707201203
040703012301201203
040703012307201203
040703013101201203
040703013107201203
040703014001201203
040703014007201203
040703015801201203
040703015807201203
040703016601201203
040703016607201203
040703017401201203
040703017407201203
040703018201201203
040703018207201203
040703019001201203
040703019007201203
040703020401201203
040703021201201203
040703022001201203
040703024701201203
040704001301201203
040704001307201203
040704002101201203
040704002107201203
040704003001201203
040704003007201203
040704004801201203
040704004807201203
040704005601201203
040704005607201203
040704006401201203
040704006407201203
040704006409201203
040704007201201203
040704007207201203
040704007209201203
040704008001201203
040704008007201203
040704008009201203
040704009901201203
040704009907201203
040704009909201203
040704010201201203
040704010207201203
040704010209201203
040704011001201203
040704011007201203
040704011009201203
040704012901201203
040704012907201203
040704012909201203
040704013701201203
040704013707201203
040704014501201203
040704014507201203
040704015301201203
040704015307201203
040704016101201203
040704016107201203
040704017001201203
040704017007201203
040704017009201203
040704018801201203
040704018807201203
040704020001201203
040704020007201203
040704022601201203
040704022607201203
040704022609201203
040704023401201203
040704023407201203
040704024201201203
040704024207201203
040704025001201203
040704025007201203
040704026901201203
040704026907201203
040801001001201203
040801002901201203
040801003701201203
040801004501201203
040801005301201203
040801006101201203
040801007001201203
040801007007201203
040801008801201203
040801008807201203
040801009601201203
040801009607201203
040801010001201203
040801010007201203
040801011801201203
040801011807201203
040801013401201203
040801013407201203
040801014201201203
040801014207201203
040801015001201203
040801015007201203
040801016901201203
040801016907201203
040801017701201203
040801017707201203
040801018501201203
040801018507201203
040801019301201203
040801019307201203
040801020701201203
040801020707201203
040801021501201203
040801022301201203
040801022307201203
040801023101201203
040802001601201203
040802001607201203
040802002401201203
040802002407201203
040802003201201203
040802003207201203
040802004001201203
040802005901201203
040802006701201203
040802007501201203
040802008301201203
040802009101201203
040802010501201203
040802010507201203
040802012101201203
040802012107201203
040802013001201203
040802013007201203
040802014801201203
040802014807201203
040802015601201203
040802015607201203
040802016401201203
040802016407201203
040802017201201203
040802017207201203
040802018001201203
040802018007201203
040802019901201203
040802019907201203
040802020201201203
040802020207201203
040802021001201203
040802021007201203
040802022901201203
040802022907201203
040802023701201203
040802023707201203
040802024501201203
040802024507201203
040802025301201203
040802025307201203
040802026101201203
040802026107201203
040802027001201203
040802027007201203
040802028801201203
040802028807201203
040802029601201203
040802029607201203
040802030001201203
040802030007201203
040802031801201203
040802031807201203
040802032601201203
040802032607201203
040802032609201203
040802033401201203
040802033407201203
040802034201201203
040802034207201203
040802034209201203
040802035001201203
040802035007201203
040802036901201203
040802036907201203
040802037701201203
040802037707201203
040802038501201203
040802038507201203
040802039301201203
040802039307201203
040802040701201203
040802040707201203
040802041501201203
040802041507201203
040802042301201203
040802042307201203
040802043101201203
040802043107201203
040802044001201203
040802044007201203
040802044009201203
040802045801201203
040802045807201203
040802046601201203
040802046607201203
040802047401201203
040802047407201203
040802048201201203
040802048207201203
040802049001201203
040802049007201203
040802050401201203
040802050407201203
040802051201201203
040802051207201203
040802052001201203
040802052007201203
040802053901201203
040802053907201203
040802054701201203
040802054707201203
040802055501201203
040802055507201203
040802056301201203
040802056307201203
040802057101201203
040802057107201203
040802058001201203
040802058007201203
040802059801201203
040802059807201203
040802060101201203
040802060107201203
040802061001201203
040802061007201203
040802062801201203
040802062807201203
040802063601201203
040802063607201203
040802064401201203
040802064407201203
040803001101201203
040803001107201203
040803002001201203
040803002007201203
040803003801201203
040803003807201203
040803004601201203
040803005401201203
040803005407201203
040803006201201203
040803006207201203
040803007001201203
040803007007201203
040803008901201203
040803008907201203
040803009701201203
040803009707201203
040803010001201203
040803010007201203
040803011901201203
040803011907201203
040803012701201203
040803012707201203
040803013501201203
040803014301201203
040803015101201203
040803016001201203
040803017801201203
040803017807201203
040803018601201203
040803019401201203
040803020801201203
040803021601201203
040803022401201203
040803023201201203
040803023207201203
040803024001201203
040803024007201203
040803025901201203
040803025907201203
040803026701201203
040803026707201203
040803027501201203
040803027507201203
040803028301201203
040803028307201203
040803029101201203
040803029107201203
040803030501201203
040803030507201203
040803031301201203
040803031307201203
040803032101201203
040803032107201203
040803033001201203
040803033007201203
040803034801201203
040803034807201203
040803035601201203
040803036401201203
040803036407201203
040803037201201203
040803037207201203
040803038001201203
040803038007201203
040803039901201203
040803039907201203
040803040201201203
040803040207201203
040803041001201203
040803041007201203
040803042901201203
040803042907201203
040803043701201203
040803043707201203
040803044501201203
040803044507201203
040803045301201203
040803045307201203
040803046101201203
040803046107201203
040803047001201203
040803047007201203
040803050001201203
040803050007201203
040803051801201203
040803051807201203
040803052601201203
040803052607201203
040803053401201203
040803053407201203
040803054201201203
040803054207201203
040803055001201203
040803055007201203
040803056901201203
040803056907201203
040803057701201203
040803057707201203
040803058501201203
040803058507201203
040803059301201203
040803059307201203
040803060701201203
040803060707201203
040803061501201203
040803061507201203
040803062301201203
040803062307201203
040803063101201203
040803063107201203
040803064001201203
040803064007201203
040803065801201203
040803065807201203
040803066601201203
040803066607201203
040803067401201203
040803067407201203
040803068201201203
040803068207201203
040803069001201203
040803069007201203
040803070401201203
040803071201201203
040803071207201203
040803072001201203
040803072007201203
040803073901201203
040803073907201203
040803074701201203
040803074707201203
040803075501201203
040803075507201203
040803076301201203
040803076307201203
040803077101201203
040803077107201203
040803078001201203
040803079801201203
040803080101201203
040803080107201203
040803081001201203
040803081007201203
040803082801201203
040803082807201203
040803083601201203
040803083607201203
040803084401201203
040803084407201203
040803085201201203
040803085207201203
040803086001201203
040803086007201203
040803087901201203
040803087907201203
040803088701201203
040803088707201203
040803089501201203
040803089507201203
040803090901201203
040803090907201203
040803091701201203
040803091707201203
040804001701201203
040804001707201203
040804002501201203
040804002507201203
040804003301201203
040804003307201203
040804004101201203
040804004107201203
040804005001201203
040804006801201203
040804007601201203
040804008401201203
040804009201201203
040804010601201203
040804010607201203
040804011401201203
040804011407201203
040804012201201203
040804012207201203
040804013001201203
040804013007201203
040804014901201203
040804014907201203
040804015701201203
040804015707201203
040804016501201203
040804016507201203
040804017301201203
040804017307201203
040804018101201203
040804018107201203
040804019001201203
040804019007201203
040804019009201203
040804020301201203
040804020307201203
040804022001201203
040804022007201203
040804023801201203
040804023807201203
040804024601201203
040804024607201203
040804025401201203
040804025407201203
040804026201201203
040804026207201203
040804027001201203
040804027007201203
040804028901201203
040804028907201203
040804029701201203
040804029707201203
040804030001201203
040804030007201203
040804031901201203
040804031907201203
040804032701201203
040804032707201203
040804033501201203
040804033507201203
040804034301201203
040804034307201203
040805001201201203
040805001207201203
040805002001201203
040805002007201203
040805003901201203
040805003907201203
040805004701201203
040805004707201203
040805005501201203
040805006301201203
040805007101201203
040805008001201203
040805008007201203
040805010101201203
040805010107201203
040805011001201203
040805011007201203
040805012801201203
040805012807201203
040805013601201203
040805013607201203
040805014401201203
040805014407201203
040805015201201203
040805015207201203
040805016001201203
040805016007201203
040805017901201203
040805017907201203
040805018701201203
040805018707201203
040805019501201203
040805019507201203
040805020901201203
040805020907201203
040805021701201203
040805021707201203
040805022501201203
040805022507201203
040805022509201203
040805023301201203
040805023307201203
040805024101201203
040805024107201203
040805025001201203
040805025007201203
040805025009201203
040805026801201203
040805026807201203
040805026809201203
040805027601201203
040805027607201203
040805028401201203
040805028407201203
040805029201201203
040805029207201203
040805030601201203
040805030607201203
040805031401201203
040805031407201203
040805032201201203
040805032207201203
040805033001201203
040805033007201203
040805034901201203
040805034907201203
040805035701201203
040805035707201203
040805036501201203
040805036507201203
040805037301201203
040805037307201203
040805038101201203
040805038107201203
040805039001201203
040805039007201203
040805040301201203
040805041101201203
040805041107201203
040805042001201203
040805042007201203
040805043801201203
040805043807201203
040805044601201203
040805044607201203
040805045401201203
040805045407201203
040805046201201203
040805046207201203
040805047001201203
040805047007201203
040805048901201203
040805048907201203
040805049701201203
040805049707201203
040805050001201203
040805050007201203
040805051901201203
040805051907201203
040805052701201203
040805052707201203
040805053501201203
040805053507201203
040805054301201203
040805054307201203
040805055101201203
040805055107201203
040805056001201203
040805056007201203
040805057801201203
040805057807201203
040805058601201203
040805058607201203
040805059401201203
040805059407201203
040805060801201203
040805060807201203
040805061601201203
040805061607201203
040805062401201203
040805062407201203
040805063201201203
040805063207201203
040805064001201203
040805064007201203
040805065901201203
040805065907201203
040805066701201203
040805067501201203
040805067507201203
040805068301201203
040805068307201203
040805069101201203
040805069107201203
040805070501201203
040805070507201203
040805071301201203
040805071307201203
040805072101201203
040805072107201203
040805073001201203
040805073007201203
040805074801201203
040805074807201203
040805075601201203
040805075607201203
040805076401201203
040805076407201203
040805077201201203
040805077207201203
040805078001201203
040805078007201203
040805079901201203
040805079907201203
040805080201201203
040805080207201203
040805081001201203
040805081007201203
040805082901201203
040805082907201203
040805083701201203
040805083707201203
040805084501201203
040805084507201203
040805085301201203
040805085307201203
040805086101201203
040805086107201203
040805087001201203
040805087007201203
040805088801201203
040805088807201203
040805089601201203
040805089607201203
040805090001201203
040805091801201203
040805091807201203
040805092601201203
040805092607201203
040806001801201203
040806001807201203
040806002601201203
040806002607201203
040806003401201203
040806003407201203
040806004201201203
040806004207201203
040806004209201203
040806005001201203
040806005007201203
040806006901201203
040806006907201203
040806007701201203
040806007707201203
040806008501201203
040806008507201203
040806009301201203
040806009307201203
040806010701201203
040806010707201203
040806011501201203
040806011507201203
040806012301201203
040806012307201203
040806013101201203
040806013107201203
040806014001201203
040806014007201203
040806015801201203
040806015807201203
040806015809201203
040806016601201203
040806016607201203
040806017401201203
040806017407201203
040806018201201203
040806018207201203
040806019001201203
040806019007201203
040806020401201203
040806020407201203
040806021201201203
040806021207201203
040806023901201203
040806023907201203
040806024701201203
040806024707201203
040806025501201203
040806025507201203
040806026301201203
040806026307201203
040806027101201203
040806027107201203
040806028001201203
040806028007201203
040806029801201203
040806029807201203
040806030101201203
040806030107201203
040806031001201203
040806031007201203
040806032801201203
040806032807201203
040806033601201203
040806033607201203
040806034401201203
040806034407201203
040806035201201203
040806035207201203
040806036001201203
040806036007201203
040806037901201203
040806037907201203
040806038701201203
040806038707201203
040806039501201203
040806039507201203
040806040901201203
040806040907201203
040806041701201203
040806041707201203
040806042501201203
040806042507201203
040806042509201203
040806043301201203
040806043307201203
040806044101201203
040806044107201203
040806045001201203
040806045007201203
040806046801201203
040806046807201203
040806047601201203
040806047607201203
040806048401201203
040806048407201203
040806049201201203
040806049207201203
040806050601201203
040806050607201203
040806051401201203
040806051407201203
040806052201201203
040806052207201203
040806053001201203
040806053007201203
040806054901201203
040806054907201203
040806055701201203
040806055707201203
040806056501201203
040806056507201203
040806057301201203
040806057307201203
040806057309201203
040806058101201203
040806058107201203
040806059001201203
040806059007201203
040806060301201203
040806060307201203
040806061101201203
040806062001201203
040806062007201203
040806063801201203
040806063807201203
040806064601201203
040806064607201203
040806066201201203
040806066207201203
040806067001201203
040806067007201203
040806069701201203
040806069707201203
040806070001201203
040806070007201203
040901001401201203
040901001407201203
040901002201201203
040901002207201203
040901003001201203
040901003007201203
040901004901201203
040901004907201203
040901005701201203
040901005707201203
040901006501201203
040901006507201203
040901007301201203
040901007307201203
040901008101201203
040901008107201203
040901009001201203
040901009007201203
040901012001201203
040901012007201203
040901013801201203
040901013807201203
040901014601201203
040901014607201203
040901017001201203
040901017007201203
040901017009201203
040901018901201203
040901018907201203
040901019701201203
040901019707201203
040901020001201203
040901020007201203
040901021901201203
040901022701201203
040901022707201203
040901023501201203
040901023507201203
040901024301201203
040901024307201203
040901025101201203
040901025107201203
040901026001201203
040901026007201203
040901028601201203
040901028607201203
040901029401201203
040901029407201203
040901030801201203
040901030807201203
040901031601201203
040901031607201203
040901032401201203
040901032407201203
040901033201201203
040901033207201203
040901034001201203
040901034007201203
040901036701201203
040901036707201203
040901037501201203
040901037507201203
040901038301201203
040901038307201203
040901038309201203
040901039101201203
040901039107201203
040901040501201203
040901040507201203
040901041301201203
040901041307201203
040901043001201203
040901043007201203
040901043009201203
040901045601201203
040901045607201203
040901046401201203
040901046407201203
040901047201201203
040901047207201203
040901048001201203
040901048007201203
040901049901201203
040901050201201203
040901050207201203
040901051001201203
040901051007201203
040901052901201203
040901052907201203
040901053701201203
040901053707201203
040901054501201203
040901054507201203
040901055301201203
040901055307201203
040901056101201203
040901056107201203
040901057001201203
040901057007201203
040901058801201203
040901058807201203
040902001001201203
040902001007201203
040902001009201203
040902002801201203
040902002807201203
040902004401201203
040902004407201203
040902004409201203
040902005201201203
040902005207201203
040902007901201203
040902007907201203
040902007909201203
040902008701201203
040902008707201203
040902008709201203
040902009501201203
040902009507201203
040902009509201203
040902010901201203
040902010907201203
040902012501201203
040902012507201203
040902012509201203
040902013301201203
040902013307201203
040902014101201203
040902014107201203
040902015001201203
040902015007201203
040902015009201203
040902016801201203
040902016807201203
040902017601201203
040902017607201203
040902017609201203
040903001501201203
040903001509201203
040903002301201203
040903003101201203
040903004001201203
040904001001201203
040904001007201203
040904001009201203
040904003701201203
040904003707201203
040904004501201203
040904004507201203
040904005301201203
040904005307201203
040904007001201203
040904007007201203
040904007009201203
040904008801201203
040904008807201203
040904008809201203
040904009601201203
040904009607201203
040904011801201203
040904011807201203
040904012601201203
040904012607201203
040904013401201203
040904013407201203
040904014201201203
040904014209201203
040904015001201203
040904015007201203
040904016901201203
040904016907201203
040904017701201203
040904017707201203
040904018501201203
040904018507201203
040904019301201203
040904019307201203
040904020701201203
040904020707201203
040904021501201203
040904021507201203
040904022301201203
040904023101201203
040904023107201203
040904024001201203
040904024009201203
040905001601201203
040905001607201203
040905002401201203
040905002407201203
040905003201201203
040905004001201203
040905004007201203
040905007501201203
040905007507201203
040905008301201203
040905008307201203
040905008309201203
040905009101201203
040905009107201203
040905010501201203
040905010507201203
040905011301201203
040905011307201203
040905012101201203
040906001101201203
040906001102201203
040906001107201203
040906001109201203
040906002001201203
040906003801201203
040906003809201203
040906004601201203
040906004607201203
040906004609201203
040906005401201203
040906005402201203
040906005409201203
040906007001201203
040906007002201203
040906007009201203
040906010001201203
040906010007201203
040906011901201203
040906011907201203
040906012701201203
040906012707201203
040906013501201203
040906013507201203
040906014301201203
040906014307201203
040906015101201203
040906015107201203
040906016001201203
040906016007201203
040906017801201203
040906017807201203
040906017809201203
040906018601201203
040906018609201203
040906019401201203
040906019407201203
040906020801201203
040906020807201203
040906020809201203
040906021601201203
040906021607201203
040906022401201203
040906022407201203
040906023201201203
040906023202201203
040906023207201203
040906023209201203
040906024001201203
040906024002201203
040906024007201203
040906024009201203
040906025901201203
040906025902201203
040906025907201203
040906026701201203
040906026702201203
040906026707201203
040906026709201203
040906027501201203
040906027507201203
040906027509201203
040906028301201203
040906028307201203
040907001701201203
040907001709201203
040907002501201203
040907003301201203
040907003309201203
040907004101201203
040907004109201203
040907005001201203
040907006801201203
040907006809201203
040907007601201203
040907007609201203
040907008401201203
040907008409201203
040907009201201203
040907009207201203
040907009209201203
040907010601201203
040907010607201203
040907010609201203
040907011401201203
040907011407201203
040907013001201203
040907013007201203
040907013009201203
040907014901201203
040907014907201203
040907014909201203
040907015701201203
040907015707201203
040907015709201203
040907019001201203
040907019009201203
040907020301201203
040907021101201203
040907021107201203
040907022001201203
040907022007201203
040907022009201203
040907023801201203
040907023807201203
040907024601201203
040907024607201203
040907025401201203
040907025407201203
040907026201201203
040907026207201203
040907026209201203
040907027001201203
040907028901201203
040907028907201203
040907029701201203
040907030001201203
041001001401201203
041001001407201203
041001001409201203
041001005701201203
041001006501201203
041001006507201203
041001007301201203
041001007307201203
041001008101201203
041001008107201203
041001008109201203
041001009001201203
041001011101201203
041001011107201203
041001011109201203
041001012001201203
041001012007201203
041001013801201203
041001014601201203
041001015401201203
041001016201201203
041001017001201203
041001018901201203
041101001801201203
041101001802201203
041101001809201203
041101002601201203
041101002602201203
041101003401201203
041101003402201203
041101004201201203
041101004202201203
041101005001201203
041101005002201203
041101007701201203
041101007702201203
041101007709201203
041101008501201203
041101008502201203
041102001301201203
041102001302201203
041102001309201203
041102002101201203
041102002102201203
041102003001201203
041102003002201203
041102004801201203
041102004802201203
041102005601201203
041102005602201203
041201001101201203
041201001107201203
041201002001201203
041201002007201203
041201003801201203
041201003807201203
041201004601201203
041201004607201203
041201004609201203
041201007001201203
041201007007201203
041201008901201203
041201008907201203
041201009701201203
041201009707201203
041201010001201203
041201010007201203
041201011901201203
041201011907201203
041201013501201203
041201013507201203
041201014301201203
041201014307201203
041202001701201203
041202001707201203
041202002501201203
041202002507201203
041202003301201203
041202003307201203
041202005001201203
041202005007201203
041202006801201203
041202006807201203
041202007601201203
041202007607201203
041202008401201203
041202008407201203
041203001201201203
041203001207201203
041203004701201203
041203004707201203
041203008001201203
041203008007201203
041203009801201203
041203009807201203
041203010101201203
041203010107201203
041203011001201203
041203011007201203
041204001801201203
041204001807201203
041204002601201203
041204002607201203
041204003401201203
041204003407201203
041204004201201203
041204004207201203
041204005001201203
041204005007201203
041204006901201203
041204006907201203
041204008501201203
041204008507201203
041204010701201203
041204010707201203
041204011501201203
041204011507201203
041204012301201203
041204012307201203
041204013101201203
041204013107201203
041204015801201203
041204015807201203
041204016601201203
041204016607201203
041204017401201203
041204017407201203
041204018201201203
041204018207201203
041204019001201203
041204019007201203
041204020401201203
041204020407201203
041204021201201203
041204021207201203
041204022001201203
041204022007201203
041205001301201203
041205001307201203
041205003001201203
041205003007201203
041205004801201203
041205004807201203
041205006401201203
041205006407201203
041205007201201203
041205007207201203
041205008001201203
041205008007201203
041205010201201203
041205010207201203
041205011001201203
041205011007201203
041205013701201203
041205013707201203
041205014501201203
041205014507201203
041205015301201203
041205015307201203
041205016101201203
041205016107201203
041301001501201203
041301001507201203
041301006601201203
041301008201201203
041301008207201203
041301009001201203
041301009007201203
041303001601201203
041303001607201203
041303001609201203
041303002401201203
041303002407201203
041303003201201203
041303005901201203
041303005907201203
041303005909201203
041303006701201203
041303007501201203
041303008301201203
041303008307201203
041303008309201203
041304002001201203
041304002007201203
041304003801201203
041304004601201203
041304005401201203
041304005407201203
041304006201201203
041304006207201203
041304007001201203
041304007007201203
041304008901201203
041304008907201203
041304009701201203
041304009707201203
041304010001201203
041304010007201203
041304011901201203
041304011907201203
041304011909201203
041304012701201203
041304012707201203
041304012709201203
041304013501201203
041304013507201203
041304013509201203
041304014301201203
041304014307201203
041304015101201203
041304015107201203
041304015109201203
041304016001201203
041304016007201203
041304017801201203
041304017807201203
041304018601201203
041304018607201203
041304019401201203
041304019407201203
041304020801201203
041304020807201203
041304021601201203
041304021607201203
041304022401201203
041304022407201203
041304023201201203
041304023207201203
041304023209201203
041304024001201203
041304024007201203
041401002701201203
041401003501201203
041401025601201203
041401025607201203
041401025609201203
041401027201201203
041401027207201203
041401032901201203
041401032907201203
041401032909201203
041401034501201203
041401034507201203
041401034509201203
041402002201201203
041402002203201203
041402002207201203
041402002209201203
041402003001201203
041402003003201203
041402003007201203
041402003009201203
041402004901201203
041402004903201203
041402004907201203
041402004909201203
041402005701201203
041402005703201203
041402005707201203
041402005709201203
041402006501201203
041402006503201203
041402006507201203
041402006509201203
041402007301201203
041402007303201203
041402007307201203
041402007309201203
041402008101201203
041402008103201203
041402008107201203
041402008109201203
041402009001201203
041402009003201203
041402009007201203
041402009009201203
041402014601201203
041402014603201203
041402014607201203
041402014609201203
041402015401201203
041402015403201203
041402015407201203
041402015409201203
041402016201201203
041402016203201203
041402016207201203
041402016209201203
041402020001201203
041402020003201203
041402020007201203
041402020009201203
041402021901201203
041402021903201203
041402021907201203
041402021909201203
041402024301201203
041402024303201203
041402024307201203
041402024309201203
041402027801201203
041402027803201203
041402027807201203
041402027809201203
041402029401201203
041402029403201203
041402029407201203
041402029409201203
041402036701201203
041402036703201203
041402036707201203
041402036709201203
041402037501201203
041402037503201203
041402037507201203
041402037509201203
041402041301201203
041402041303201203
041402041307201203
041402041309201203
041501001201201203
041501001207201203
041502001801201203
041502002601201203
041502003401201203
041502003407201203
041502004201201203
041502004207201203
041503001301201203
041503001307201203
041504002701201203
041504002707201203
041504003501201203
041504003507201203
041601001601201203
041601001607201203
041601002401201203
041601002407201203
041601003201201203
041601003207201203
041601004001201203
041601004007201203
041601005901201203
041601005907201203
041601006701201203
041601006707201203
041601007501201203
041601007507201203
041601008301201203
041601008307201203
041601009101201203
041601009107201203
041601010501201203
041601010507201203
041601011301201203
041601011307201203
041601012101201203
041601013001201203
041601014801201203
041601015601201203
041601015607201203
041601016401201203
041601016407201203
041601017201201203
041601017207201203
041601018001201203
041601018007201203
041601019901201203
041601019907201203
041602001101201203
041602001107201203
041602002001201203
041602002007201203
041602003801201203
041602004601201203
041602004607201203
041602005401201203
041602005407201203
041602006201201203
041602006207201203
041602007001201203
041602007007201203
041602008901201203
041602008907201203
041602009701201203
041602009707201203
041602010001201203
041602010007201203
041602011901201203
041602012701201203
041602013501201203
041602013507201203
041602014301201203
041602014307201203
041603001701201203
041603001707201203
041603002501201203
041603002507201203
041603003301201203
041603003307201203
041603004101201203
041603004107201203
041603005001201203
041603006801201203
041603006807201203
041603007601201203
041603008401201203
041603008407201203
041603009201201203
041603009207201203
041603010601201203
041603010607201203
041603011401201203
041603011407201203
041603012201201203
041603012207201203
041603013001201203
041603013007201203
041604001201201203
041604001207201203
041604002001201203
041604002007201203
041604003901201203
041604004701201203
041604005501201203
041604005507201203
041604006301201203
041604006307201203
041604007101201203
041604007107201203
041604008001201203
041604008007201203
041604009801201203
041604009807201203
041604010101201203
041604010107201203
041604011001201203
041604011007201203
041604012801201203
041604012807201203
041604013601201203
041604014401201203
041604014407201203
041604015201201203
041604016001201203
041604016007201203
041604017901201203
041604018701201203
041604019501201203
041605001801201203
041605001807201203
041605002601201203
041605002607201203
041605003401201203
041605003407201203
041605004201201203
041605004207201203
041605005001201203
041605005007201203
041605006901201203
041605007701201203
041605007707201203
041605008501201203
041606001301201203
041606001307201203
041606002101201203
041606002107201203
041606003001201203
041606003007201203
041606004801201203
041606004807201203
041606005601201203
041606005607201203
041606006401201203
041606006407201203
041606007201201203
041606007207201203
041606008001201203
041606009901201203
041606009907201203
041606010201201203
041606010207201203
041607002701201203
041607002707201203
041607003501201203
041607003507201203
041608001401201203
041608001407201203
041608002201201203
041608002207201203
041608003001201203
041608003007201203
041608004901201203
041608004907201203
041608005701201203
041608005707201203
041608006501201203
041608006507201203
041608007301201203
041608007307201203
041608008101201203
041608008107201203
041608009001201203
041608009007201203
041608010301201203
041608010307201203
041609001001201203
041609001007201203
041609002801201203
041609002807201203
041609003601201203
041609003607201203
041609004401201203
041609004407201203
041609005201201203
041609005207201203
041609006001201203
041609006007201203
041609007901201203
041609007907201203
041609008701201203
041609008707201203
041609009501201203
041609010901201203
041609010907201203
041611001001201203
041611001007201203
041611002901201203
041611003701201203
041611003707201203
041611004501201203
041611004507201203
041611005301201203
041611005307201203
041612001601201203
041612001607201203
041612001609201203
041612002401201203
041612003201201203
041612004001201203
041612004009201203
041612005901201203
041612005909201203
041613001101201203
041613001107201203
041613002001201203
041613002007201203
041613003801201203
041613004601201203
041613005401201203
041613006201201203
050103006901201203
050103006903201203
050103006907201203
050201001074201203
050201001075201203
050201001076201203
050201001077201203
050201001078201203
050201001079201203
050201002977201203
050201002978201203
050201002979201203
050201002980201203
050201002981201203
050201002982201203
050301001401201203
050301001403201203
050301001474201203
050301001475201203
050301001476201203
050301001477201203
050301001478201203
050301001479201203
050301001480201203
050301001481201203
050301001482201203
050301002201201203
050301002274201203
050301002275201203
050301002276201203
050301002277201203
050301002278201203
050301002279201203
050301002280201203
050301002281201203
050301002282201203
050302001001201203
050302002801201203
050303001574201203
050303001575201203
050303001576201203
050303001577201203
050303001578201203
050303001579201203
050303001580201203
050303001581201203
050303001582201203
050303002301201203
050303002374201203
050303002375201203
050303002376201203
050303002377201203
050303002378201203
050303002379201203
050303002380201203
050303002381201203
050303002382201203
050303003101201203
050303003174201203
050303003175201203
050303003176201203
050303003177201203
050303003178201203
050303003179201203
050303003180201203
050303003181201203
050303003182201203
050303004001201203
050303004074201203
050303004075201203
050303004076201203
050303004077201203
050303004078201203
050303004080201203
050303004081201203
050303004082201203
050303005801201203
050303005874201203
050303005875201203
050303005876201203
050303005877201203
050303005878201203
050303005879201203
050303005880201203
050303005881201203
050303005882201203
050303006601201203
050303006674201203
050303006675201203
050303006676201203
050303006677201203
050303006678201203
050303006679201203
050303006680201203
050303006681201203
050303006682201203
050303007401201203
050303007474201203
050303007475201203
050303007476201203
050303007477201203
050303007478201203
050303007479201203
050303007480201203
050303007481201203
050303007482201203
050303008201201203
050303008274201203
050303008275201203
050303008276201203
050303008277201203
050303008278201203
050303008279201203
050303008280201203
050303008281201203
050303008282201203
050303009001201203
050303009074201203
050303009075201203
050303009076201203
050303009077201203
050303009078201203
050303009079201203
050303009080201203
050303009081201203
050303009082201203
050303010401201203
050303010474201203
050303010475201203
050303010476201203
050303010477201203
050303010478201203
050303010479201203
050303010480201203
050303010481201203
050303010482201203
050304004574201203
050304004575201203
050304004576201203
050304004577201203
050304004578201203
050304004579201203
050304004580201203
050304004581201203
050304004582201203
050501001103201203
050501001107201203
050501002003201203
050501002007201203
050501003803201203
050501003807201203
050501004603201203
050501004607201203
050501005403201203
050501005407201203
050501006203201203
050501006207201203
050501007003201203
050501007007201203
050501008903201203
050501008907201203
050501009701201203
050501009707201203
050501009709201203
050501010001201203
050501010007201203
050501010009201203
050501011901201203
050501011907201203
050501011909201203
050501012701201203
050501012707201203
050501012709201203
050502004101201203
050502004107201203
050502005001201203
050502005007201203
050502006801201203
050502007601201203
050502008401201203
050502009201201203
050502010601201203
050502011401201203
050502011407201203
050502012201201203
050602001012201203
050602002912201203
050602003712201203
050602004503201203
050602004507201203
050602004509201203
050602004512201203
080201006765201203
080201007579201203
080201008375201203
080201009176201203
080201010574201203
080201011383201203
080201012181201203
080201013082201203
080201014877201203
080201015678201203
080201016480201203
080201021085201203
080201022986201203
